50
10 10
0.0396266 8.36692
4.62582 9.08603
7.72656 6.2551
3.00326 8.4992
3.91219 4.88344
1.29692 1.58932
1.15982 7.35292
8.09696 1.18646
2.87557 8.86438
7.95538 0.0168068
5.67406 1.63629
7.46686 8.84427
3.49522 6.10234
3.20546 5.07669
0.983269 8.83196
4.01118 9.83018
6.27802 9.57474
4.5221 6.19505
6.92119 2.38089
2.52926 7.71636
1.62282 9.72773
0.109959 1.14769
7.28133 3.41325
5.03981 1.21595
7.94921 4.25145
2.87583 4.21119
1.39773 4.28419
3.94516 5.37629
9.43501 2.11482
7.59109 8.31302
7.09732 9.71764
3.62044 9.12928
1.55425 2.83971
4.82027 8.53213
7.21731 0.266345
9.78905 4.93759
9.23104 1.39129
6.49505 3.20484
2.52974 0.824243
4.84278 0.44584
1.25826 5.70503
7.71497 6.86801
3.61889 1.46199
1.01809 5.79134
4.73331 3.58535
3.53904 5.29676
4.5156 3.15816
8.16007 9.70136
3.99026 6.31969
7.27618 3.02795
