50
10 10
6.53338 9.83232
3.28486 9.84956
0.259684 6.06868
4.6577 8.97947
2.26616 7.56478
6.26139 5.52348
5.42347 1.30725
5.34464 3.05543
9.89576 4.24391
8.22451 5.28768
6.04327 5.34704
1.39405 6.96404
8.6472 6.3766
1.15722 1.50889
3.00874 6.82961
5.43858 7.79971
2.53562 9.4208
7.41327 2.52221
6.7774 3.05971
9.49455 9.77472
4.87166 6.6779
1.49346 5.63422
8.23482 4.12167
6.46292 8.11702
3.38374 4.89199
7.28105 4.21073
7.3989 4.55657
1.20069 1.40196
4.24691 1.09449
1.10593 5.76425
1.83002 1.58616
5.5328 7.00829
9.18476 1.71214
5.36243 2.8171
5.36396 4.55096
4.6711 3.5394
0.134497 7.84918
2.12091 8.76533
6.61155 9.99324
8.73391 8.95311
9.87 5.20428
3.05459 4.87899
1.39612 2.58448
5.99346 3.29221
4.63291 9.54101
3.15687 8.28326
1.83913 6.53504
7.16595 5.62333
1.46714 3.98847
6.57281 2.16564
