50
10 10
1.44289 4.45461
2.03578 9.80606
3.95806 4.27587
0.704228 3.6362
3.33385 8.53997
7.67656 2.27624
3.61583 6.94936
2.71329 1.80094
7.51408 2.99218
8.33164 0.0410345
2.43428 3.9768
4.46027 2.15818
3.38021 1.285
6.43107 0.453246
3.04931 8.00386
4.90293 2.93353
4.31171 6.15856
2.57958 3.81217
6.21452 4.12183
4.12842 1.66018
2.25744 4.28114
4.12481 6.96444
9.62238 7.1119
5.83453 7.11061
9.0748 4.86359
2.36253 4.7076
2.5046 7.31814
9.55061 3.62984
7.62418 6.90004
0.0404551 1.39731
0.378274 5.17557
4.82509 1.58643
1.72676 9.5025
4.77171 6.47206
2.79146 0.0167753
2.6759 2.72026
9.09157 4.61086
3.53003 2.28607
1.2223 0.0658486
9.33521 7.11853
7.51771 1.92042
0.870993 0.0243639
1.11734 2.22368
8.99357 4.31611
5.98898 3.79123
7.25041 3.19846
4.72842 3.98728
7.95635 3.44011
1.83837 9.96014
7.05862 3.94596
