50
10 10
1.96124 5.8789
0.806109 1.91728
1.31588 0.49927
1.20314 9.73068
7.60394 3.9958
8.48427 8.8237
1.75649 9.49337
9.31647 8.57467
5.79934 2.03908
6.21226 4.62051
9.97145 2.53985
1.19662 0.232846
7.03883 4.51329
4.2204 9.64982
9.43336 7.86697
7.06242 0.960518
2.97925 2.14471
7.40373 6.87769
4.89683 3.56891
1.40207 6.88107
5.12299 3.13889
7.76829 9.42068
1.16564 9.78069
1.84368 8.41119
8.64536 4.92
4.12314 3.26545
7.83427 0.452925
7.1521 4.28775
6.25452 2.73524
1.07939 0.44093
8.5616 9.79147
3.25788 6.56638
3.23555 9.44091
5.88438 3.78035
2.31526 9.18922
2.13977 0.302693
9.25821 8.20206
7.05355 5.20421
6.4063 6.54187
8.57729 8.39822
5.48759 1.6297
7.42981 3.6132
1.83726 2.23402
5.95793 9.46287
7.68029 8.08399
3.93468 5.81229
2.55057 2.98128
3.19639 3.89617
1.44364 7.00412
0.417855 1.71869
