50
10 10
5.83419 6.92626
2.27442 2.49876
8.15009 9.88551
8.13907 4.50986
0.83303 2.81274
2.07337 1.63317
5.02199 7.90892
3.688 7.52645
4.79838 0.705042
3.42946 5.96567
5.00993 7.21044
1.28227 1.35753
8.79217 3.5807
8.57623 5.66331
1.51017 7.66289
3.54888 6.0938
8.1893 0.977634
1.4052 1.16505
9.99638 2.64386
3.2552 2.24897
0.144498 5.52593
2.23288 9.94484
2.26595 2.22425
5.8684 3.72067
4.9777 1.55287
6.68534 3.72209
3.82006 2.08516
7.85295 1.5956
8.89062 1.49722
1.31566 7.86215
2.07691 0.124748
9.70138 5.00731
6.70745 6.53663
6.1634 0.567997
6.02265 4.54884
1.1883 0.815905
5.15379 3.74721
0.82996 8.83427
6.7613 0.954564
1.47115 5.29122
8.50758 1.05968
1.37891 7.16957
6.1231 6.06048
0.2824 7.14949
1.05834 9.73886
0.130997 0.0184947
0.815915 4.65177
9.64949 0.528991
8.26098 8.76681
2.14651 9.93992
