50
10 10
3.59818 0.0228645
6.47071 4.39118
1.68586 3.43016
9.50899 2.33411
2.44015 0.29474
3.94788 0.964178
9.91859 8.55871
0.199568 6.23431
1.91056 2.94981
5.20591 2.68751
4.50531 9.9431
2.39446 0.631614
1.33999 3.66284
9.66524 4.56628
7.04003 7.88799
0.673411 3.39012
5.04667 9.15802
3.42612 1.78603
8.38057 7.9313
2.10983 6.43304
3.48661 0.821441
6.71507 2.74325
0.609417 8.54379
3.32654 6.58953
4.15249 3.56798
6.0608 8.93934
3.28973 8.3865
2.02865 2.63981
3.41955 7.02945
3.5969 3.91239
4.6986 1.32162
6.77599 7.07208
0.841587 4.0172
7.97441 8.52142
8.03424 9.41278
4.05065 7.97583
9.45481 8.68349
7.76302 6.52059
1.9749 6.0914
4.90357 2.0045
7.60211 5.49654
8.61272 0.885886
5.66399 4.22432
1.0647 8.92781
6.84601 9.08495
4.03666 7.30985
5.91049 4.32849
7.92243 1.21983
8.77109 6.51267
5.77549 3.91476
