50
10 10
8.49556 1.91929
6.93567 5.28983
1.0808 5.07113
3.01011 1.23976
5.47971 5.58393
0.778876 6.89771
4.26248 7.86262
2.69583 8.27292
3.70709 0.564473
6.4315 0.960566
7.70011 6.06373
9.10524 2.74675
5.75544 0.925682
6.94372 7.34073
4.23071 6.84455
4.5357 3.34194
6.28629 6.14238
5.16912 9.33344
9.55055 0.598784
1.79687 1.92623
4.13202 7.39972
0.13876 6.62245
6.98379 0.352561
9.54729 5.64813
7.81321 7.51432
8.49045 0.770543
6.83626 3.10158
2.38537 4.36795
6.47126 3.7229
0.0613839 1.55775
7.611 4.72767
0.223412 7.2384
9.02823 4.60016
6.27435 1.88008
8.72923 3.81865
5.57814 0.838976
7.66031 4.96827
0.709165 6.70438
1.64905 7.26588
3.53267 4.99051
4.02417 2.23053
9.88509 8.72303
1.23521 6.34278
5.41496 4.28818
7.53496 7.18462
8.85311 3.63757
8.4217 3.16995
8.2595 9.46491
8.83574 7.13911
4.40353 8.06441
