50
10 10
7.2137 1.58927
4.37925 1.14863
7.86538 7.68549
7.30325 0.347872
0.321788 7.71537
1.88813 9.45331
6.80114 7.12056
0.571123 4.42489
5.04435 7.26993
1.6846 6.96512
9.81804 8.36839
2.43059 1.15581
2.28518 7.2015
1.65618 1.23586
1.81252 9.16778
2.05808 8.29665
9.99657 9.82272
6.64758 2.5364
9.75488 2.20308
2.00129 9.90753
3.60659 4.91962
0.634737 7.72025
2.97522 4.0365
9.1146 6.13418
0.605785 3.3846
6.03307 1.15478
3.22255 6.75337
7.30837 6.26087
6.84033 6.98011
7.36724 8.73557
5.04493 9.81208
0.405024 7.05629
0.408428 5.15423
8.50477 8.25082
9.64923 7.04693
1.96038 1.74922
4.55868 8.66517
1.29859 3.83044
9.93919 3.12592
9.72566 4.90126
8.73438 6.21765
6.94938 9.18828
8.08905 3.76782
3.93965 9.53533
4.68014 4.57805
8.36335 3.78127
7.91506 6.50743
8.21533 2.78426
3.22589 1.1708
6.12334 6.41039
