50
10 10
6.02203 6.41421
2.60773 0.883566
9.4109 9.82389
1.39143 9.51317
7.07226 7.06249
6.38666 2.88077
3.53694 9.25113
8.69245 0.301185
2.16187 5.95985
4.4312 5.96529
0.378292 6.25477
8.61551 3.858
9.10172 8.83206
1.15721 0.335973
6.39081 3.6343
9.43878 7.9465
2.31994 5.34739
1.43869 8.86473
2.42656 8.87465
4.27045 3.05867
1.53678 0.533668
7.77553 9.24445
0.406287 2.785
2.91175 1.33122
6.43594 2.24052
4.98586 5.96689
0.134529 9.36852
4.0116 1.3069
6.51692 6.72025
9.23004 4.20615
7.67261 5.46679
2.11438 3.59893
0.329321 4.29237
1.46113 6.15314
1.74063 2.67906
2.99548 8.96204
0.441722 1.39622
1.51651 4.1792
5.91226 5.73082
9.24707 1.25932
9.69323 2.3586
0.663694 3.33194
2.97903 2.86247
8.28269 6.40625
7.89602 5.66522
1.09727 0.771531
4.633 4.86613
5.82803 8.51399
2.77797 5.2422
8.33818 0.644712
