50
10 10
7.57774 4.31395
5.25622 9.84537
3.28473 5.01025
8.44192 1.24262
7.50641 3.10947
1.5968 3.73878
5.02313 9.74822
2.139 6.49214
3.3789 7.98944
7.76003 4.24907
1.94063 0.466615
9.74141 3.40636
6.80974 4.56872
6.77754 0.550107
4.37908 1.38802
2.09284 3.06546
4.4404 2.88582
1.66727 1.83993
0.0350689 0.688442
6.63269 4.86894
7.85607 9.8543
0.0930501 3.45359
1.86589 8.34322
9.12019 4.12068
5.38621 5.16412
7.54772 0.0565125
2.30582 1.90847
4.86384 2.57866
5.27969 4.66105
5.70903 1.54022
5.10883 6.3447
9.71067 2.34435
4.2409 6.33467
5.15011 0.830892
9.38112 1.10453
6.87197 5.07986
4.33758 0.50692
9.47171 6.53717
4.40503 8.86439
9.4779 1.04749
4.32004 2.3228
9.6249 8.0851
0.390489 0.172073
5.72347 1.22266
0.600564 9.74997
0.755339 9.24841
0.952468 1.53208
1.71925 9.68198
6.87007 7.34162
8.80776 2.10199
