50
10 10
6.5505 2.31932
6.3031 9.87783
7.57497 0.9524
1.44489 2.28798
2.42586 0.588659
1.6293 9.97513
3.87953 9.16058
4.1368 3.17228
1.01332 3.17117
3.55697 7.52339
3.30621 1.85191
5.63063 4.37388
4.2796 5.78403
3.27505 6.61291
9.86461 6.76108
3.33513 9.88639
5.82831 9.50647
9.18191 5.99377
8.45855 6.83781
4.98526 7.67792
4.07906 6.72232
6.38762 3.05855
3.25385 2.53322
0.0498708 2.82209
5.55845 4.12836
7.9536 2.86351
3.34378 8.10303
8.38818 3.18858
6.34694 1.36895
4.52862 7.61886
5.62648 5.21919
5.08231 0.229297
2.91123 2.73467
5.3696 1.10124
3.96541 4.54111
7.21353 6.6991
4.82487 0.224821
0.289288 8.93983
7.23139 2.78679
3.33275 2.09472
4.24358 2.45804
7.14221 7.16183
8.87192 0.749394
7.81898 9.59024
4.42458 5.20416
8.92322 8.52934
2.33542 5.62363
2.15508 6.02976
3.33976 8.41415
7.42612 3.03311
