50
10 10
3.11333 3.09076
2.89195 6.82331
6.82781 2.24501
3.11177 1.98859
8.38421 7.73814
9.77901 4.21049
3.03724 6.16158
0.888699 7.64065
9.60517 8.13529
8.47875 2.36653
4.61887 1.89103
1.41525 8.06204
7.32686 9.73349
2.00862 9.41193
4.05976 8.62861
8.04145 9.16794
3.93777 3.31491
0.841259 2.09875
4.86238 0.986048
5.84542 9.17376
9.72684 6.88807
2.28471 5.77527
0.923745 9.10015
6.77877 6.46718
1.89487 9.37283
8.25899 8.74025
3.52039 2.56146
2.92923 2.67252
4.64373 9.55881
8.26178 3.36801
8.56924 9.41274
9.09514 7.42094
1.27449 5.27908
4.58933 5.93427
7.82292 1.24485
8.2665 5.97733
3.33599 0.468549
8.67122 9.3996
6.25273 4.12136
7.38592 4.0655
3.21649 3.5858
9.84771 1.55079
4.09094 0.806864
0.304598 3.92735
2.89348 1.17968
7.70371 9.9387
7.87203 6.0633
2.41846 4.55249
7.87917 6.43104
9.24657 4.02322
