50
10 10
1.1988 2.97383
9.57658 9.30243
3.36408 1.76146
1.6997 3.36376
3.44918 7.53951
2.35357 8.50113
8.2751 5.56344
4.01224 0.243912
4.05955 4.08494
5.65612 9.79255
7.13494 8.82205
9.07357 4.72093
2.5651 3.56251
1.24164 7.62554
8.34685 6.13151
7.32523 7.86582
0.546446 4.73953
8.42827 8.77514
9.71042 3.00095
4.15582 5.88008
6.46917 4.93124
4.23094 8.29802
9.48255 1.78554
2.36114 5.75492
6.82292 6.30308
6.13979 5.85769
2.33702 4.65346
0.199133 2.0101
9.83912 3.49515
2.82409 2.22585
4.54149 6.06268
0.135909 7.59161
1.75192 4.25306
1.98686 6.91497
9.89397 0.753368
1.8474 8.79932
4.00341 1.69003
1.80461 4.85529
8.58926 5.92495
4.99176 3.39017
3.86504 5.01846
7.35232 9.36241
0.0541951 9.0071
5.12602 6.46181
9.92551 3.74318
2.94925 0.404124
1.01056 9.70292
7.63593 2.46247
4.95251 3.97347
5.00045 0.682606
