50
10 10
4.69462 0.347385
5.54554 0.346718
7.46663 9.88652
2.16353 0.355349
4.18712 8.17321
2.03074 4.81801
5.8015 4.87957
2.41341 5.28355
5.56567 9.4506
7.43042 8.42041
2.14427 9.16119
7.8239 4.72028
0.114539 7.81415
6.8489 3.59253
1.54949 3.27842
4.78099 7.87668
9.60332 0.175178
9.10194 9.43114
8.47574 8.2315
5.87465 2.36113
8.95951 6.02774
6.87843 6.66035
6.40079 4.90919
4.55464 1.96314
7.26651 1.73227
9.13851 9.72889
4.41835 3.286
7.21887 8.38479
0.530833 2.77
1.31709 9.1141
3.49388 4.86172
0.155959 4.21364
2.14827 0.967094
2.34519 0.618529
5.53018 8.15451
6.2607 0.536349
2.52062 3.28836
0.0722578 9.64914
6.81729 7.68782
8.26705 3.29757
4.00376 7.89485
5.02945 4.17799
9.2708 5.26538
2.38411 2.86609
8.15009 6.92752
8.82326 8.08368
4.913 8.36569
5.95906 9.59873
4.33593 3.3946
2.63999 1.13944
