50
10 10
7.05981 4.96943
7.79114 2.02914
3.9785 7.43685
0.531219 8.62643
8.99234 0.328661
1.3624 0.441459
5.97397 9.65828
9.11301 3.30904
2.52437 6.13554
3.11392 2.14953
4.28193 2.515
3.66847 5.81739
7.12031 4.85997
6.15768 4.013
5.12688 1.64795
9.79264 4.20157
1.18808 7.57964
1.89377 4.68617
9.7457 6.88982
1.64235 9.39505
2.29435 3.41653
2.59163 1.47913
9.01311 3.63554
2.04168 8.11485
2.30814 6.55907
1.8468 8.73516
8.53581 6.11339
8.64669 4.33774
8.44541 3.6276
9.86324 1.20629
5.75802 0.734481
7.0714 3.44826
9.68906 1.50354
9.1168 5.15462
6.59627 0.444435
5.64897 3.44774
7.73403 2.37329
4.6967 2.13699
2.56939 1.12892
1.52644 6.48805
2.75957 5.29501
4.45637 0.888067
6.3065 6.29483
0.16539 4.92587
0.276569 9.35723
4.26165 2.53275
7.90752 6.64151
5.10617 5.09032
0.337748 0.951815
4.76436 1.29542
