50
10 10
0.218787 5.06598
6.7768 0.176275
0.335068 2.25547
4.02678 7.62627
8.96055 8.01904
3.40166 5.32378
7.54778 9.85587
3.47571 8.55907
9.5303 3.62253
2.82223 2.65926
0.289455 3.65878
8.63529 0.236561
0.498679 8.57071
4.36291 5.00131
5.3961 2.08726
6.63492 9.81628
0.208295 3.09971
3.62978 0.399945
5.67178 8.89866
1.10893 0.958776
7.84347 5.26946
0.480842 2.8028
9.50292 2.34938
1.13853 6.10012
1.9593 1.51353
5.80066 3.75699
7.25842 4.48456
8.13351 7.49875
3.19673 6.57609
9.78091 9.71483
9.31519 0.56771
2.12678 6.37935
7.30974 3.02084
0.293583 3.92482
8.36475 2.43765
7.10747 8.91538
9.34037 0.307145
1.79035 7.02648
1.90336 0.963951
5.60689 3.35756
5.23072 9.59158
6.57967 4.36737
8.3907 3.57073
0.179831 0.370373
1.79956 2.27547
3.57574 4.25625
2.46864 0.906587
5.83849 1.03569
2.81146 7.67615
9.10777 3.85976
