50
10 10
2.83328 2.03571
4.36836 8.24752
4.48843 0.192384
6.50733 2.93205
8.90096 5.03267
2.55976 5.19
9.2251 5.26214
4.28903 0.404102
9.32953 3.24606
4.04617 1.73437
1.39013 8.21986
9.56036 4.9184
2.05609 1.24705
3.53372 5.31115
4.75215 3.44356
3.42543 0.542535
2.46097 1.81341
1.86815 8.15777
8.62915 9.48712
8.28717 3.43495
9.69565 8.82967
2.838 4.15412
2.10598 4.38993
8.40396 5.97099
1.59557 5.82772
9.41464 5.37527
4.15488 0.627781
0.776117 2.50942
8.41751 8.99411
8.06799 0.643909
5.22085 2.17264
6.47045 4.08472
0.0200704 3.67596
7.58274 0.482645
3.29309 5.27393
7.98075 8.90529
9.99873 1.84442
3.0361 7.49727
7.48319 2.60222
6.81422 7.81318
3.12429 7.96931
8.35534 8.38737
9.1768 4.72575
2.21175 9.65973
7.89955 9.28332
2.54073 4.04903
8.51707 8.1465
3.10292 0.400916
0.470855 8.91817
4.78465 1.5774
