50
10 10
9.18878 1.57724
6.79557 3.18212
3.92479 2.06044
3.19295 8.53628
3.72863 1.10136
3.21543 1.85323
0.819465 5.58687
1.72856 6.01711
7.79885 1.68999
2.30791 1.11048
2.17938 6.89218
9.32023 9.40956
5.93967 4.00252
2.27759 3.59056
9.07822 4.01247
8.53176 0.94541
8.3188 6.73169
6.68219 4.12249
2.29755 7.34565
8.04875 4.69125
7.77189 1.14931
8.28464 6.33586
3.36588 6.77782
9.06421 2.64965
6.00968 2.22766
6.59202 1.15875
3.03886 1.3097
0.191112 8.92882
4.15323 0.553329
7.28933 9.41852
8.0879 4.43686
1.18206 1.64342
9.95284 3.34105
7.76784 5.97325
4.94673 8.12328
1.64537 5.04103
1.81588 9.53363
7.03214 7.41152
8.29975 7.60728
4.48347 4.88425
3.62869 1.32764
6.08151 9.68619
8.48266 4.23852
6.59323 9.97358
8.99092 7.39648
9.88035 5.53728
1.12012 8.23833
5.1326 2.12795
0.576457 1.07407
3.02363 0.907069
