50
10 10
9.59827 4.43029
0.110896 6.7787
0.997164 2.34847
1.64926 0.328659
6.07645 7.47603
6.46603 8.4718
4.97833 4.27623
0.673442 7.83236
8.97267 3.25211
7.77774 9.78972
6.64382 0.525545
8.55139 3.81218
6.95216 1.71338
5.85577 8.0426
9.85701 6.64802
0.83433 9.69783
5.1255 5.52798
6.07923 3.76085
4.86048 8.14783
1.08673 6.84999
4.69726 3.21336
2.38032 4.4193
2.61808 6.60841
8.1007 2.92083
3.65205 6.95891
4.16967 5.06253
2.32465 5.41601
8.93912 6.17902
7.78113 4.22723
6.35129 2.76975
7.04912 5.89524
6.57216 5.51115
3.55907 6.07946
7.29301 8.97994
7.90981 9.07316
8.00682 1.07069
1.90125 9.26216
9.36384 5.81273
1.93674 2.10412
6.00016 7.89678
6.19384 4.99423
3.62687 1.44354
5.13411 0.54561
1.45328 1.03372
0.682639 0.614712
0.537606 0.594372
2.34844 7.60209
4.12509 8.3944
9.15643 0.367984
7.22581 9.41067
