50
10 10
1.33019 2.38661
5.92188 3.15893
1.85167 4.11004
8.87207 6.03441
2.1785 2.42425
0.18768 9.25188
3.27998 9.22304
7.76556 9.79089
1.7317 2.8262
7.70806 2.4935
7.9071 5.27029
9.12259 9.22105
8.46977 2.93604
9.70179 6.68915
5.26161 4.86802
2.79375 6.27074
3.5461 6.70748
7.02398 2.88368
6.66701 6.48149
8.64645 6.83376
8.02787 5.30414
9.2984 8.06773
2.72038 1.09777
7.8899 3.6666
5.65518 2.81001
5.65536 4.22563
1.71592 1.58365
3.37555 8.57642
6.24852 4.85086
4.86508 6.84816
3.63907 2.25617
9.66768 7.02444
3.01703 6.07548
0.0625266 8.12588
1.83466 7.96208
8.04615 9.74008
7.1796 9.12341
0.732582 6.94622
6.3509 4.6217
5.20633 8.45092
5.63852 5.62682
9.3637 8.22949
7.71644 8.85023
8.3101 9.88464
2.06013 6.61576
8.44865 3.27652
6.97418 6.17992
3.39821 8.40969
2.9474 3.26402
9.83286 7.6234
