50
10 10
1.97719 8.55693
2.18126 2.09712
8.95918 9.94933
8.67421 2.82262
7.27841 2.782
8.27544 2.84515
9.58329 4.74572
6.08187 0.255375
2.21483 1.02926
9.93451 5.90134
6.84263 8.23566
9.7972 8.31688
3.57117 6.71502
6.725 7.49264
9.96921 7.22283
6.51697 1.60996
3.56918 7.78511
7.753 4.9481
7.71477 3.75808
7.25238 5.52363
5.06543 6.84811
5.11864 6.58624
8.69453 3.98193
4.40183 7.49495
5.49183 3.96353
5.82804 4.47252
3.80017 1.53685
8.77461 4.2395
9.48155 7.08072
6.40663 5.84536
2.88164 8.39538
6.32804 5.10147
9.16368 8.10892
0.855655 2.84181
6.69345 7.07732
6.22037 3.25173
0.491285 5.02546
9.85278 1.89337
5.35488 6.72926
5.09585 5.81587
5.96184 0.730654
6.42799 1.80847
5.93877 6.84325
7.82774 7.74211
5.64188 0.357622
7.42977 7.78486
3.53515 7.3038
3.77877 0.87177
8.63925 4.12023
7.13659 9.67589
