50
10 10
2.42531 6.40705
8.18659 3.27131
3.55608 4.29941
6.29789 4.02499
9.73563 7.37673
2.53473 5.84069
3.78565 1.64894
8.58954 1.90655
0.257217 2.14631
8.00138 9.7369
8.63646 9.49716
8.57009 0.206447
0.641554 2.16418
4.53481 1.76909
2.78546 8.42465
8.91765 0.0356019
9.24364 7.8902
3.19752 1.38209
1.77994 6.01809
7.96289 0.378082
9.20917 7.21291
2.66334 5.75239
1.30793 9.38977
7.17152 6.89615
6.7499 4.11176
4.04252 3.08018
2.29793 6.73728
8.00237 1.36028
1.0473 9.85596
2.75996 0.27483
7.37881 5.68521
0.806682 6.1221
9.69787 6.15872
1.70827 2.85159
9.18629 9.66179
5.40799 1.72052
2.43038 8.6254
1.22303 3.82508
0.313637 7.40125
0.959246 9.62528
4.37535 5.89442
5.1972 6.59227
6.09511 4.0166
5.87408 3.67633
1.62653 5.13951
0.9543 2.05806
8.91746 9.68009
4.09011 8.91499
1.87916 9.1164
0.1442 7.29424
