50
10 10
9.38733 6.9746
0.310636 8.85759
1.36365 4.19943
2.74491 1.65408
2.54154 2.06175
8.65536 0.872218
4.34391 4.94766
7.09356 7.36816
3.64055 4.2084
3.63701 0.0554828
9.1578 0.370526
8.73972 6.41124
1.31612 1.66877
7.23206 8.47142
9.50219 2.4611
1.61982 9.74281
2.22399 1.92763
4.68449 3.79141
3.57608 8.85982
6.4568 9.46375
9.09062 6.51132
5.43271 5.24556
6.53367 6.82856
0.992236 2.52499
6.22663 8.04704
5.01304 5.38632
2.29508 8.89267
5.34208 2.61651
5.01134 4.55472
5.85319 8.87754
2.66379 9.26832
4.95823 9.70604
5.15149 6.93982
2.81763 5.68794
2.89305 7.18972
7.21602 4.74431
1.77109 5.33309
5.92829 8.37769
1.93604 9.6059
1.92832 4.4756
4.92808 1.87031
5.0174 9.75462
5.51395 4.85559
2.39462 0.913355
6.99907 6.45975
6.72138 4.44478
4.89866 5.78282
1.1403 8.30798
0.119827 8.05885
4.15558 4.41689
