50
10 10
8.74241 5.25033
4.81205 3.23824
1.37399 5.87492
6.90222 2.63588
5.02119 9.07816
0.745111 9.68487
5.23512 6.90407
9.18568 7.33296
5.27429 2.82996
3.64248 2.04778
9.28186 6.11441
4.92691 6.3882
2.36407 8.86435
5.31415 0.255147
1.65255 6.6438
3.71387 8.05348
7.42252 0.158503
2.37041 0.594054
3.91964 5.50873
0.593897 2.47807
1.02769 7.85083
5.5725 6.03298
8.19302 6.74674
4.8981 8.46378
9.02307 8.03898
4.90044 9.42042
0.0303589 3.2459
8.43662 6.1981
5.43689 6.93901
1.38691 0.314611
0.857288 0.872209
4.01612 2.99093
8.26979 4.45851
8.06163 6.82219
2.09546 9.94047
3.02188 3.42975
7.53459 3.38068
1.25182 1.23276
8.82334 5.81408
9.34487 2.11601
1.42472 6.71604
1.89497 7.08329
4.04602 8.21773
4.73948 1.95436
0.990679 6.96835
4.74712 5.12026
8.44694 7.24749
7.91873 2.84544
3.59023 5.50059
7.45636 0.964872
