50
10 10
5.55497 6.94696
8.50449 0.304688
5.30839 1.24155
2.8814 9.75802
7.98796 0.55152
7.52052 6.04739
1.83827 5.12342
5.53909 7.33647
4.9753 4.89517
3.28553 3.31674
3.23438 7.10021
5.01609 0.333513
3.69947 2.65424
1.16861 6.97942
9.88113 0.0365706
9.73009 9.20115
0.892074 2.98716
0.400379 5.97032
4.3278 6.70967
6.94229 7.76196
6.12128 3.33435
1.27288 1.45458
9.23279 1.76398
9.30522 9.30422
6.16122 0.605807
0.50944 9.93313
0.54822 8.4432
9.92498 4.28116
1.15905 5.49019
4.23364 1.07208
5.04695 6.67217
2.07888 1.9023
8.26369 5.75066
6.19302 8.80918
1.11005 0.204261
1.13737 1.59075
4.82145 0.653656
9.71386 6.68107
6.41836 0.478549
7.43552 9.93405
4.07589 3.98857
7.32602 9.38681
9.24178 0.69388
7.54444 5.03215
9.83087 2.44793
3.79069 7.75373
8.51842 4.48437
6.77817 3.57371
9.52907 9.41485
6.69339 3.32481
