50
10 10
1.76168 7.85355
0.902802 1.31115
2.80638 2.75431
5.21314 1.59063
4.18079 6.2194
8.37808 8.07511
1.27328 0.777011
4.33307 0.344248
6.0187 0.632771
9.78411 2.49458
9.63035 8.50569
9.68881 9.23579
3.57125 9.11569
5.64406 4.97982
1.13346 4.36697
4.8891 7.56978
0.15399 3.91693
2.41897 8.47228
4.4728 0.837147
4.41106 8.99676
3.56934 6.67722
0.471398 6.88437
5.59209 6.43441
4.11002 2.10865
3.42137 4.81815
8.66885 9.27143
9.60103 6.1771
1.16157 9.11402
4.90312 6.68714
8.59389 6.59164
5.9875 9.8363
4.08346 0.152484
4.26584 0.846259
8.43374 6.56027
7.49255 8.01371
1.41558 3.19587
4.75517 8.5836
9.38925 1.91029
8.2477 5.92336
1.46649 9.04205
8.02143 8.54568
0.427296 7.76917
9.59659 6.08664
1.42039 6.06008
9.76218 4.85822
9.67692 3.60812
2.24551 5.39732
8.97254 4.69929
8.8473 0.937801
8.93324 3.84591
