50
10 10
7.8329 4.85048
6.99354 9.51414
8.25257 4.90723
7.71269 1.9037
3.71022 6.54199
9.02989 9.99596
5.47842 1.5814
4.09751 2.38644
8.83987 5.25373
7.89127 9.33496
1.52401 4.08472
4.95447 8.13116
4.13262 4.6007
5.12578 7.69162
6.73504 4.01991
4.69224 0.621785
0.236008 5.80067
6.75057 8.94609
2.63459 1.74736
7.01404 2.8815
8.32227 5.31061
8.96745 1.17386
0.440869 6.5531
4.95774 4.88343
3.13874 5.58695
0.283967 8.39822
2.37816 2.92196
7.4948 1.10998
1.20684 8.15286
8.18986 8.84494
8.70368 1.54196
6.94911 2.43622
9.11371 5.84735
9.01901 0.725377
1.23593 6.13841
9.50643 2.5275
7.08686 0.400348
9.0192 5.75967
6.14004 8.57556
8.02882 0.181534
8.87434 4.0686
8.5844 8.41421
2.74322 8.81222
6.03329 2.09459
9.82764 6.5354
4.42348 2.49317
0.493049 7.12878
2.66038 3.54862
4.10383 5.28166
9.89163 7.24145
