50
10 10
3.84483 9.82585
8.02884 8.67768
4.26993 6.69894
4.51412 9.4544
7.86328 7.0623
7.89279 8.88297
0.197933 3.35161
4.8356 4.42605
2.68546 6.95798
5.99183 2.4402
7.31359 9.10773
7.55637 8.86522
6.32737 1.92505
3.24572 7.8466
5.34286 7.47819
1.58121 2.24578
9.79361 4.57579
9.8596 2.50499
4.32419 3.47524
7.23467 2.27705
5.36204 5.62804
0.0190391 0.86973
5.97259 4.83659
8.07123 8.9298
0.222437 4.7799
2.8689 0.465659
3.62629 3.71872
1.11991 9.60765
9.1426 5.48405
5.33007 1.34638
3.94628 8.75607
0.623357 7.54508
2.34817 1.06383
3.78749 5.31299
6.68146 5.16491
8.82894 7.22371
9.08988 3.05509
9.70272 4.36286
7.60039 9.92821
1.30119 6.27816
2.51724 6.02639
9.8813 2.03873
0.205801 6.83258
1.99269 6.61504
6.4523 6.97962
8.93422 8.45131
7.90054 2.30977
1.3345 0.916438
5.95215 8.47982
2.52855 9.82643
