50
10 10
7.65276 5.67247
4.88228 3.37434
7.12531 8.04212
7.66322 5.29748
3.33338 0.717425
9.28002 2.54723
7.90068 6.43333
3.34871 1.93451
3.78265 5.04082
6.28346 9.14337
1.6463 3.30632
5.58721 8.28009
4.31055 1.87306
0.522893 2.8445
1.82024 2.359
2.86997 2.65299
0.0632869 9.63882
4.81439 6.6211
1.42423 6.14088
8.30522 6.52296
4.89899 3.57529
2.40909 5.99052
5.6657 5.69445
7.95808 3.73576
2.35201 9.61918
2.78444 0.61641
6.77371 0.86594
9.22262 2.11608
2.39816 9.11532
4.31289 0.0888788
0.540817 4.14503
9.47696 1.27504
8.34931 5.46132
4.94626 6.44047
8.53978 5.77516
6.83822 3.05652
4.04408 8.05713
6.35507 4.46946
5.9253 3.45209
4.4173 6.97563
9.41116 7.71495
7.42742 5.64479
5.81083 7.31402
1.5688 3.40436
9.15537 1.87984
4.86803 9.60959
8.22492 7.56332
8.32949 4.93345
8.23048 7.37869
8.85628 2.17044
