50
10 10
4.80057 0.936851
0.39095 6.18553
2.72577 9.54056
4.36549 1.01781
6.98817 1.33257
5.5835 9.41613
3.16854 9.46652
5.97538 2.45027
1.94111 6.94444
8.89213 2.66232
9.18237 1.59548
4.66492 8.60061
4.47107 5.04026
0.312129 2.68607
0.900622 7.35287
7.89939 7.96292
0.987131 8.87112
3.91308 8.22116
6.92508 5.45227
1.11205 6.47335
2.05506 9.20301
2.48427 9.94953
2.91035 0.23478
3.21015 5.24113
0.883674 4.65852
4.56383 1.4462
9.45874 1.59897
0.637072 0.795552
7.34212 8.11112
5.71826 1.88446
4.64899 5.5083
8.01964 7.86884
6.97728 6.7865
0.0134913 7.95043
8.7891 5.87176
6.32924 0.611705
5.65369 0.285873
3.75781 7.17745
9.94218 9.22966
8.7009 7.01767
8.65548 0.737786
4.83956 3.36537
8.95717 9.44499
5.6109 8.59648
1.36273 5.84966
8.19175 1.62802
8.5729 2.74136
4.13854 2.45151
1.33649 8.72833
1.00888 4.91357
