50
10 10
4.74055 2.04632
7.20415 0.760231
8.00253 7.2633
4.88514 3.41823
7.01457 3.0751
3.19179 5.06171
9.08182 4.61356
4.63158 7.52766
4.69304 5.68816
5.68455 1.22639
5.17492 3.08103
4.80474 4.48116
1.72141 4.25251
8.73229 9.52749
0.989171 5.26038
0.796973 8.04049
5.41244 0.9498
5.45076 6.63525
5.82019 6.47285
3.72602 4.47865
4.10231 6.42243
9.95915 0.603525
6.50581 5.37309
7.62491 2.09688
0.414099 2.90023
1.96325 9.57608
7.99294 5.7692
1.74895 6.01943
9.97652 5.88605
5.45088 3.59017
1.53451 2.40009
9.98697 7.39261
4.56643 0.980722
6.0486 1.22293
4.1251 3.43546
5.7458 1.48696
9.91215 1.4539
0.374157 8.47275
7.16169 4.08527
4.48253 3.71583
7.79569 2.62128
3.21208 3.79413
0.689915 5.76921
2.75366 3.06351
3.36007 9.2725
8.65079 9.50961
6.13414 6.90266
1.08028 3.38206
4.17001 6.75213
2.87989 2.16902
