50
10 10
5.03087 5.62492
1.48911 8.6885
9.91488 1.509
8.76906 5.42345
0.554837 9.5756
7.08287 6.69357
4.46672 3.5548
9.75927 1.55804
8.50214 2.54829
0.135299 7.067
7.73831 2.88869
6.0965 0.912459
4.06748 1.22338
0.0143423 4.64409
7.19806 4.73979
1.65139 5.84955
1.15647 5.34632
9.65319 2.09821
0.735589 5.18827
5.70597 4.41823
8.40228 5.56934
1.42581 3.03882
5.16532 8.22308
1.80934 9.60012
4.47353 7.13091
7.20275 1.1792
9.28766 8.75979
2.03629 8.43794
5.31921 3.84162
0.913527 3.20723
4.13658 7.82957
4.68409 0.555769
9.57561 0.309172
9.66441 1.38212
9.60456 2.83448
7.78703 2.17233
3.7205 3.74962e-05
8.39407 9.01285
6.09733 9.4497
3.75962 0.355879
4.86412 8.84608
9.57857 8.65876
1.33129 1.64253
2.8407 6.09046
2.62609 3.22772
6.21078 0.358134
3.59765 0.986008
3.29891 0.885823
1.49712 0.628263
7.11367 6.77869
