50
10 10
9.51699 5.77762
7.62745 8.76353
8.43315 5.36049
0.0285296 7.19704
7.90239 6.49475
4.96403 8.33127
5.11007 6.59044
5.01801 9.62143
9.63067 6.2204
5.78595 9.22474
1.82669 5.70381
4.19092 0.597833
2.45756 2.52441
3.25511 9.3408
7.82977 8.94196
8.04294 1.12758
8.98302 3.82433
1.00445 6.55724
2.51733 3.75488
4.70409 0.533323
1.93694 9.70778
0.893464 8.35171
4.34082 4.84399
1.799 4.33346
6.4168 7.22299
8.91206 1.92797
3.18747 0.355858
3.10689 4.5294
6.56389 5.34786
3.65795 6.29615
8.48516 0.549143
8.9122 7.58672
5.29468 4.27654
0.752097 4.28186
8.18111 7.3745
0.669033 2.9549
2.60773 2.48282
3.75912 3.21805
1.64897 4.02336
1.81549 7.07194
7.21524 7.46578
2.44936 2.93083
8.30818 8.88463
0.257573 9.30606
8.46588 6.30176
9.14188 6.25708
0.618359 4.01568
0.373498 7.79101
6.69227 6.63561
2.00908 5.34039
