50
10 10
0.515117 2.60814
5.54923 8.26816
1.33725 8.18665
0.978429 9.89917
6.48122 4.61152
8.30038 1.63095
4.75257 8.13002
5.83045 7.07541
6.58153 9.61223
9.82617 5.37637
3.15258 7.38228
8.26297 4.77249
1.31227 9.83564
2.84758 9.1445
5.71855 9.6457
5.46975 6.22263
0.666827 9.94909
1.45046 3.03895
7.41869 5.57949
6.06328 9.04492
3.52634 1.22047
2.24765 6.66881
3.00804 9.63739
9.70121 7.91157
3.56058 6.62751
2.98311 6.12944
4.9015 7.53967
8.41058 1.42433
1.22229 2.73799
1.96117 1.82611
3.69701 9.69476
7.71546 9.57734
8.51548 4.82724
6.30653 8.49799
3.02692 2.36921
2.59983 8.29106
5.23824 8.11398
0.452024 8.10903
8.78362 8.99979
2.75791 9.79569
1.07262 1.12457
5.145 6.97437
6.3575 0.419002
3.6044 6.72125
6.4518 2.8335
2.41747 8.58153
3.19246 2.03751
1.07516 6.18856
8.22994 6.47364
3.4956 8.0202
