50
10 10
8.07553 7.31661
6.6172 6.18327
9.39943 7.4411
0.64015 7.37303
8.32773 3.99171
3.85181 5.4772
1.54843 1.5698
2.24469 6.30793
8.77847 1.41567
4.27827 6.5949
9.69477 4.26791
1.13296 5.13559
6.94325 5.27047
6.2489 7.73215
3.47717 1.98305
9.78822 2.13368
3.13877 0.83456
8.18909 6.80148
9.67372 9.07314
9.03768 3.22998
7.87906 6.78218
8.2774 6.67038
0.491608 1.24321
7.08284 3.52866
0.699588 5.18836
0.646659 2.70248
3.35615 9.90763
6.45267 3.03831
6.3462 9.07335
7.30559 1.88978
6.65298 9.38548
6.21133 1.46718
4.99598 8.56066
9.69165 6.57309
4.4978 4.33903
9.98137 7.33167
9.53697 8.92241
4.74656 7.93487
4.11564 3.88369
9.86158 1.52581
2.22157 1.11475
8.53842 9.83144
1.2084 8.32024
7.27154 7.6597
6.8535 1.53709
5.48552 2.38827
8.95824 2.06385
0.970642 3.22145
0.750242 8.53948
6.32427 2.8234
