50
10 10
3.50279 2.51226
6.73925 4.3079
9.65342 8.43944
0.514486 5.17828
0.71266 0.518319
9.92829 5.77465
9.0878 3.62811
4.04854 2.19442
0.53705 3.1956
0.63309 4.08668
4.61706 1.04331
5.74755 7.46136
1.57312 5.06087
7.21807 4.18144
4.68931 0.794519
5.96313 0.380574
8.7923 7.57473
9.1986 2.8845
5.48019 4.69825
8.99677 9.39444
3.26161 3.31262
9.73547 6.16172
7.30148 4.06507
3.8038 9.47489
7.70032 3.69619
7.37486 7.24904
5.94881 3.64153
2.0508 8.63552
4.92395 5.43632
7.35415 7.27678
6.03625 8.28028
7.99441 5.40287
0.300611 9.34172
6.79521 1.12531
0.325945 7.69364
4.59316 0.154154
1.32726 8.45671
0.648587 2.17709
2.62938 0.343495
2.05266 9.25313
4.07399 0.877381
0.0692095 2.76313
6.33216 3.247
3.64674 4.04303
0.00852953 8.02857
3.60718 1.81344
3.36579 7.85665
2.11069 5.9095
0.769887 0.412228
6.81927 9.73357
