50
10 10
8.80607 9.57145
9.93289 7.09689
7.88328 1.89123
8.84505 2.89546
5.79478 8.93423
2.00864 6.40778
1.28339 0.584761
0.830579 5.35384
3.90427 7.2395
7.04871 7.81615
5.70131 0.25765
0.99734 1.4975
7.85971 0.540527
1.23002 3.4493
3.91754 9.96617
9.48767 4.52806
6.70754 8.02294
8.74219 3.04739
0.33264 4.30589
8.64364 9.06306
4.54955 6.08104
5.44408 2.67579
9.73845 5.68785
1.92899 9.87305
0.885669 1.8908
2.29821 7.2092
1.95161 5.89208
6.08347 9.75748
2.21383 3.22057
3.52665 5.41156
1.31432 2.78152
0.11758 0.0140569
4.74931 3.28564
9.48501 4.70805
4.88857 2.29241
1.19053 3.70471
0.32074 2.16038
4.83385 4.63058
3.15563 2.39955
9.1977 2.317
3.81911 9.30124
2.9506 2.16661
5.69382 2.56943
1.68063 7.96698
3.65339 3.97927
8.22917 1.62152
3.26868 6.58531
1.17603 0.519135
8.41221 5.67373
3.27912 9.44012
