50
10 10
8.82349 9.25978
1.04328 9.43013
9.07009 0.193575
3.06399 0.326469
4.46409 6.1625
5.89985 8.03481
8.37111 8.55287
6.97801 0.891379
8.02803 8.85243
1.07215 2.91961
7.57093 7.42582
9.99671 0.83237
7.25931 1.80408
1.41448 3.39194
3.56721 9.91438
9.42704 8.41348
6.10162 1.6351
2.27577 3.5852
6.68732 4.95969
6.92905 0.681724
4.16863 4.82921
1.7181 7.18727
9.76891 2.36879
3.30224 2.39673
6.29044 6.91524
1.60611 9.78223
0.899526 5.86352
9.70822 2.97542
8.16578 6.87485
5.71366 1.10603
3.45853 4.98965
4.03744 8.95553
1.37383 2.51509
9.00934 4.05777
9.33936 5.85358
0.473771 6.3921
6.71507 2.97839
0.348319 3.86151
2.52691 2.7187
5.57125 9.41152
5.25823 3.63641
3.52968 2.99545
0.92983 8.73338
3.04509 0.0168422
8.6243 5.59568
7.16937 2.85881
9.64071 3.37358
5.39702 9.86954
9.5054 6.67176
6.67982 4.78526
