50
10 10
8.47463 9.37571
1.34211 5.17943
9.1339 1.61964
5.051 1.05365
9.6859 8.14565
8.76855 0.287261
0.648002 8.9259
2.36344 4.37893
8.70069 4.48935
9.44195 7.57475
0.891959 7.15366
6.17467 4.02733
4.83879 5.81235
3.29136 8.85515
5.20001 6.31046
6.92408 4.07531
7.2128 8.36259
8.25845 2.22666
1.02367 6.37614
8.86262 4.90009
3.88849 3.15558
8.13552 5.5692
5.20355 8.04943
7.28635 1.74788
3.67142 1.56499
5.00163 5.65301
3.8486 4.48292
0.597781 7.60232
0.729208 5.46352
9.87965 5.8039
0.941556 1.77035
1.92985 2.3837
0.0236768 0.364952
6.89237 9.54164
6.51327 8.37695
9.37682 1.37356
5.34372 7.16054
1.35013 6.77856
4.81553 6.3168
5.38511 3.03183
7.56614 7.90947
4.89352 4.35136
7.85852 9.77275
4.40375 1.16778
4.63019 4.20089
1.33514 2.78315
6.02086 7.83742
9.59368 8.49936
4.5348 8.27595
7.93857 9.15159
