50
10 10
2.47667 3.6403
8.76112 4.47494
0.637523 7.52048
7.54013 0.221896
3.97188 0.434468
6.42673 3.91494
3.81768 0.684278
6.64752 9.21885
5.36364 1.78755
5.53804 3.05654
7.49724 1.65458
3.5709 0.368897
6.59249 7.77888
1.85777 9.3641
1.15976 0.240033
0.928171 0.129347
2.4783 9.26863
1.25128 5.51318
7.79727 5.34362
5.13188 2.57209
5.85292 9.44126
3.20059 3.69199
2.23414 4.92709
7.10994 8.62463
2.9847 9.09564
0.739839 2.16412
3.28025 1.00432
5.576 6.23439
1.66124 2.25659
2.82599 7.42304
9.05072 8.41182
3.96035 6.99454
7.6396 5.73135
8.13765 7.77783
5.49968 0.846863
4.34062 0.31057
7.52236 6.57385
2.82262 7.70302
9.23029 0.280174
7.2528 5.54374
3.83224 1.50601
2.96516 3.59175
1.99155 0.0439882
4.30398 9.32749
6.52577 0.727413
6.0751 6.90977
4.52446 3.24923
1.11918 4.68008
6.14344 4.5669
3.92585 8.76222
