50
10 10
2.97845 9.05348
1.67889 8.31338
1.47292 6.13859
3.16382 5.5088
5.75473 0.119552
9.38611 6.94214
8.92181 4.22235
9.83041 5.65985
6.1475 1.31381
4.98189 5.12151
5.51174 8.09835
7.19085 5.55074
3.6733 8.66738
8.58461 5.91797
1.61726 0.230249
9.32433 3.76605
2.56003 9.05657
1.72806 4.12684
6.47313 0.319916
1.15552 8.6689
2.43691 6.25349
9.84288 2.3776
6.03567 2.71072
8.06464 7.06491
2.56059 7.92683
9.12969 0.57597
6.22868 4.23005
5.41819 2.53971
0.738516 4.63832
7.85035 9.59936
0.292295 2.22255
1.4009 7.98563
5.10305 1.75809
9.81239 9.12537
8.58972 1.48891
6.47427 7.36279
7.24187 5.41531
4.48083 9.16173
4.08559 2.59735
9.2387 2.36646
0.4681 9.9917
3.85408 5.49621
1.91315 1.73369
6.84258 4.30299
9.5232 5.88501
8.12251 0.378122
0.79935 4.28713
4.4553 0.193187
8.32247 5.23753
0.668769 1.80268
