50
10 10
1.66384 4.13801
9.38366 1.15384
9.47285 7.2973
5.04583 9.01291
8.15396 5.29923
5.26069 6.07193
5.08168 9.43666
6.25307 4.95164
0.0879023 8.64628
2.7659 9.77728
1.76841 5.02682
5.79103 2.7893
2.40148 1.05445
5.11564 1.82287
5.23733 7.63282
7.44171 6.98228
2.62985 6.79607
8.58116 4.49401
1.82086 0.591806
7.36817 3.90921
6.23472 8.44847
2.38692 4.03258
9.58433 7.54137
9.94573 5.94485
4.15487 5.38128
3.18173 1.77711
8.97668 6.87431
6.17298 5.69033
1.15658 1.36813
1.92361 5.00272
4.21101 1.16903
5.19146 4.9571
8.30491 0.902576
6.09455 3.30189
5.50596 8.4411
0.30124 4.15311
4.03577 8.10354
9.36708 6.05258
4.90921 0.602632
7.13808 6.4015
4.8311 1.76929
2.39755 6.41054
7.67752 8.73426
2.64047 6.11828
3.36807 9.83582
9.91796 6.06688
0.040183 0.504876
5.35545 7.40724
4.49491 1.19763
4.60134 8.36259
