50
10 10
1.79929 0.258621
3.87902 9.20918
4.88639 1.93441
9.19081 9.25004
9.55955 4.95236
5.64056 9.02623
4.95267 4.60665
3.34298 5.97092
3.15526 5.49622
8.76082 1.66683
7.49677 1.40559
8.78391 7.72563
7.12623 5.55042
6.82676 4.82279
1.62461 2.98325
4.21394 3.33053
1.00645 8.42209
9.33099 6.48344
2.45341 5.08173
3.86936 8.15893
7.96871 1.59388
7.13128 9.67839
3.7176 4.72316
6.77735 7.6385
4.61406 4.64502
5.01275 9.24183
7.62236 2.57168
1.02412 4.37666
8.4081 0.657571
9.46417 6.64649
4.4969 2.01607
9.03336 4.52691
4.628 6.02221
6.68178 0.202834
8.40047 7.13764
4.77295 9.64177
3.99681 4.59408
0.98531 9.98646
2.35626 6.2008
5.56192 6.79261
1.64949 7.79516
0.0112519 6.09645
8.97012 7.7206
3.25604 6.21282
7.82169 1.30174
9.37612 7.16928
4.25871 6.22264
8.98058 0.156881
3.36465 0.661636
3.81005 3.27186
