50
10 10
6.21983 7.23227
3.35448 2.39005
5.91896 2.33126
4.79898 0.57304
2.96311 7.78778
2.10767 0.479578
8.78504 6.91614
8.88161 3.5594
8.97215 8.98108
3.54576 9.27817
3.07963 1.02135
6.44536 1.88576
8.22113 6.77091
8.59828 6.73454
6.70113 4.33651
6.92977 9.41433
5.31042 1.92289
1.59906 4.39109
9.92916 4.88413
6.70369 6.09714
8.88163 2.5816
5.50262 0.824011
8.14013 6.98447
1.69829 2.18405
7.33205 2.4706
6.9952 7.8301
6.2126 4.69229
6.10823 5.58637
0.224731 2.56019
3.10306 4.07917
3.5037 6.98468
3.98101 8.46837
5.37488 0.313477
4.23398 9.19243
1.74502 2.69456
9.67739 5.50481
4.72072 7.29688
9.67375 5.11791
2.85862 8.98327
0.253003 0.0809594
2.3108 6.43649
0.333501 7.71428
3.5559 1.57769
5.38641 5.85625
3.80459 9.11927
1.19701 3.14274
0.87831 9.61561
8.38878 8.16568
2.69364 4.87756
9.08479 4.1876
