50
10 10
1.92524 8.42201
0.159915 1.62042
8.48403 5.45755
6.67472 1.60413
4.59408 2.67825
2.93437 8.85218
2.97064 6.75286
7.55562 3.24657
9.60652 0.773841
7.00889 3.85791
8.03284 2.67795
9.50116 2.21277
8.13312 1.80975
3.11025 2.8296
1.96384 5.54773
8.69209 8.24098
4.27262 1.42331
0.897639 2.37927
1.12995 6.83861
2.32199 3.56294
2.41169 2.09462
1.84364 3.56249
5.79385 6.60269
3.14167 6.53002
0.78375 1.79387
0.662734 3.34859
6.65146 0.783062
5.41943 4.72966
7.46966 8.87077
4.4284 5.93331
6.26959 0.980494
9.54436 9.55674
1.27156 2.03201
2.79226 1.53349
0.972132 8.76974
6.32827 2.90365
9.90831 8.9476
1.58154 8.54824
2.48133 9.49486
9.8153 3.06886
8.57134 3.44226
3.45666 0.434525
2.8011 6.67069
4.28036 5.33396
9.32237 4.97999
0.9409 6.19883
8.51585 9.32203
5.05977 4.41795
5.69069 8.6343
1.81465 6.82657
