50
10 10
7.32124 3.84279
6.2508 7.32813
8.49128 1.32961
1.92352 6.20558
6.37574 4.73398
2.96297 7.22951
2.11022 5.31637
7.55429 8.15567
9.73564 0.018438
3.61712 3.87171
7.86181 3.84602
8.90815 2.02186
5.55533 1.3066
8.65848 9.56135
9.09403 3.56477
0.911036 3.07395
1.71273 9.74691
8.5448 5.00487
7.04075 9.68528
3.62944 7.138
0.360754 3.1025
4.67269 7.24777
5.31214 4.09011
8.23151 7.73611
8.74768 0.948234
8.99796 7.43769
7.18553 1.95171
4.2766 2.2064
5.39009 3.38211
4.11145 1.76528
9.70482 4.33101
6.05919 2.98742
9.08312 5.36555
3.68464 4.71815
7.60465 1.08833
1.52033 0.504043
4.66381 1.3272
8.15241 5.32443
6.84076 4.07133
0.217216 2.83931
1.91109 4.32511
2.7817 0.147437
5.6463 3.16266
2.28599 3.31083
4.90978 9.66352
3.99171 9.16035
6.16557 2.73468
7.54835 1.5076
9.9286 7.25307
9.31532 4.47175
