50
10 10
1.41509 5.00489
3.70282 1.30309
9.4215 1.75151
3.48966 8.2034
4.65398 3.18284
5.75844 4.29134
1.60559 4.31638
0.150661 1.55268
3.08937 7.2743
9.44041 8.67605
0.533292 0.349367
3.32417 8.77649
4.74121 4.77851
7.90037 8.82118
7.70257 1.70557
3.48483 3.27191
8.26816 5.60776
8.93057 4.29994
7.71699 9.8493
0.336014 1.57745
6.88921 4.04719
9.51125 9.57941
0.676212 6.38649
9.50906 4.1395
0.579209 9.91849
8.96772 9.8775
1.70152 1.97727
0.625571 1.8459
0.723824 2.03982
8.78842 4.90452
9.90006 0.502476
1.40308 8.33688
9.348 4.22973
9.22289 6.27363
4.66216 9.11302
8.23998 8.66432
9.77416 8.05683
9.1485 4.21692
8.88843 4.84533
7.81381 7.95237
5.62368 1.89774
8.92929 5.25806
6.90183 0.181213
1.53768 8.15389
0.0611716 5.73614
8.2056 7.92503
4.05666 1.26435
1.72656 3.11251
1.85002 0.926607
9.21728 8.48492
