50
10 10
9.39207 9.88507
4.86926 1.02404
7.70301 0.690443
9.93643 4.25534
4.7465 9.14838
4.20693 9.57476
9.89705 0.247469
2.60515 4.98525
4.57287 8.84373
7.14289 9.9337
9.58791 5.75361
4.78188 8.67436
1.60319 9.83739
4.43685 0.731026
5.45097 5.90263
1.62532 1.04551
0.547462 4.74456
3.28539 9.95336
9.51808 7.22476
1.21907 4.93028
9.62859 4.548
1.61949 4.86069
2.73127 7.30284
6.56188 4.6684
0.108325 3.94847
2.44924 5.18453
2.40897 6.20159
8.51361 7.45927
2.24298 1.17851
2.6336 5.39873
7.19483 8.15048
6.93647 5.86258
2.5278 5.72737
9.17302 1.068
8.55386 6.39315
9.3982 5.69675
0.514941 8.23049
9.37343 2.68559
1.48917 9.66106
0.742016 9.5258
3.79658 7.54624
7.64748 5.44939
1.22246 9.17457
0.601963 8.74062
2.18471 1.48212
5.70648 0.209213
2.77012 9.91442
9.77852 6.25797
8.1211 9.40475
3.47801 5.07467
