50
50 10
41.4672 1.72007
12.8364 4.81422
22.2635 1.15819
28.1472 6.13105
20.1238 7.99083
21.1309 7.7908
31.6028 7.85258
39.0216 1.43038
39.9014 6.01116
10.1036 1.2871
48.3039 5.20875
29.8469 7.28886
23.1797 2.25994
8.25526 3.67817
28.1981 8.66193
13.9299 0.497482
10.3839 5.73967
17.7969 7.53617
6.97124 1.73463
9.56234 2.64771
43.3194 4.95681
22.649 0.866583
31.5881 8.9626
35.6181 3.18122
3.83378 2.22214
25.9342 4.94503
22.9359 4.48274
25.0067 4.17874
10.2403 6.09086
28.9812 8.69688
32.2947 5.43887
19.5527 5.6639
28.2464 8.82975
1.12709 3.47555
13.4555 5.34964
17.6908 4.38458
37.1416 2.06063
30.8579 5.38513
23.6695 0.624272
41.9951 0.104801
28.7492 2.22054
24.1585 5.28027
23.1052 7.8787
41.4079 4.17586
39.1628 7.91162
19.4532 7.94915
5.24409 0.151923
47.6618 3.814
17.8563 5.04802
22.8247 3.26541
