50
10 10
6.95486 8.82633
5.80778 6.27194
5.57158 0.816506
2.76736 5.41141
6.76027 4.46588
1.05349 6.45761
3.24244 4.49565
4.03187 0.590952
7.5042 5.08962
8.5369 2.689
9.51469 5.59968
9.23633 2.05496
1.58034 2.15763
2.48966 1.37294
4.79412 7.70219
3.24364 3.22704
8.77298 6.00389
7.60421 4.04803
3.76317 4.78763
5.91791 5.00956
9.01293 4.73138
9.7962 6.50048
6.30492 7.43239
5.80333 9.18395
4.91709 5.85293
6.03586 8.2702
0.264181 4.14262
1.33353 1.01696
9.12925 0.144238
0.510001 7.59174
1.74249 8.00539
5.26748 1.12706
2.60639 8.71639
2.29733 9.42513
3.65649 7.92758
3.88726 8.09319
8.56461 8.65536
2.83012 0.898761
2.08389 7.03453
9.59135 4.62174
0.279021 1.28969
4.91439 7.86592
2.66213 7.32802
2.41558 8.52732
3.39157 1.74112
1.16274 8.77218
1.46516 3.41446
8.0574 7.09267
0.270469 2.84549
4.48219 4.61786
