50
10 10
2.51008 7.11698
5.21128 6.99804
1.623 1.82956
1.62911 3.99726
3.99779 5.93007
8.9513 3.18919
0.0555272 0.7482
7.08867 8.16217
0.0348126 1.31555
2.1193 1.47884
6.5304 0.369721
4.84148 2.84511
4.35719 7.76303
1.77887 8.87377
4.71726 7.96361
5.16374 7.96202
3.97834 0.629328
3.32202 3.08616
5.41764 3.57374
2.30743 0.340614
2.90326 6.96643
7.14724 6.69456
4.81644 7.09273
0.0752096 9.26139
1.8662 3.46562
4.04515 9.11748
6.4205 3.36541
2.58634 0.21149
4.86352 1.23411
0.627104 9.62961
5.95897 1.47992
4.57646 3.62682
0.592566 2.63502
4.45791 9.85891
5.86176 3.88138
5.65033 4.59007
1.85519 9.17085
4.6521 3.00571
3.96318 8.42097
8.06446 1.74045
4.45249 1.96479
7.06764 5.23525
7.59669 9.48565
3.89027 6.45528
0.776562 4.00951
5.93478 6.51201
8.92677 5.50349
1.99137 0.189769
0.35885 1.63825
1.95808 9.04048
