50
10 10
9.29273 0.117513
0.421915 4.54879
8.98355 8.6807
5.54528 3.23836
9.01175 9.84462
9.82996 8.64683
5.53493 5.18275
3.56869 4.36019
9.73214 4.2236
8.8771 6.39974
4.9276 0.0427567
5.72594 7.74421
5.51901 9.41109
0.138668 7.21259
1.35734 6.91832
4.54548 7.14915
8.85782 0.0880399
1.84823 2.34213
4.8536 9.43457
3.9472 9.03419
6.24052 8.90865
5.86513 2.98451
1.4453 4.38592
8.17353 5.59791
8.51599 5.04358
0.78415 9.00872
1.75283 4.18329
8.63283 9.73907
1.36942 8.82372
3.70088 2.01579
2.24593 8.74488
4.2318 2.90751
4.11787 6.40232
1.98254 8.98202
6.68813 6.44911
1.01587 9.81756
4.07484 3.93053
2.12224 4.77393
0.779523 9.05325
4.96725 2.53012
7.40027 3.0505
1.33982 9.76429
4.55922 6.92103
8.64782 0.322836
0.841473 1.70474
9.35786 4.00302
9.74068 0.754112
1.78593 7.4962
3.21393 4.19947
8.6426 6.96783
