50
10 10
5.19253 8.36187
4.63978 5.8279
8.14608 6.97285
0.944951 8.8675
6.91206 8.24889
5.24426 4.16544
9.0798 2.23849
8.22058 4.54517
5.87626 5.64871
7.73596 3.46703
6.71729 5.81464
1.14001 9.7692
9.73121 1.95791
3.33378 3.0363
9.67504 9.53776
1.4608 9.37228
1.83169 8.19783
2.85428 6.40266
8.27469 0.830384
1.45983 5.7539
6.77026 8.92307
7.50188 3.13335
3.19557 7.27329
0.646706 2.33695
5.86607 4.18951
4.32664 2.25262
4.7881 3.6435
1.80073 8.46382
3.08536 2.08493
8.77789 6.9901
4.37851 0.813554
3.04525 6.80453
5.92824 0.461106
0.349941 7.85602
9.51149 0.277958
7.49322 5.54712
1.61862 0.285305
2.74848 0.216715
9.7753 3.81826
9.53297 7.85902
5.24169 3.61236
5.52495 9.53715
0.780688 1.46306
3.03541 7.04519
7.05328 5.14555
4.70387 8.64451
1.96128 2.41245
8.13655 2.93472
3.41664 1.39219
6.59057 2.44291
