50
10 10
4.07826 4.01568
6.06514 9.31653
1.67682 1.50994
8.126 5.51146
1.41212 2.93736
1.76775 6.28284
3.7979 1.98756
3.49905 4.40253
9.2474 1.15439
3.43307 5.28793
2.96178 5.18315
8.24104 5.50853
5.63917 7.93389
3.89532 6.12134
8.09588 7.30772
6.1795 0.26739
4.38403 0.449337
3.94834 9.47014
2.11612 0.799193
1.39983 2.89885
2.67708 3.99685
2.07809 9.22626
8.17438 8.94257
3.07272 7.11573
4.6953 6.81282
0.43763 7.33574
4.60044 3.73482
4.91586 7.83871
5.36459 0.41983
1.98444 6.52428
4.70619 2.00911
7.55273 1.08841
4.46687 5.47921
0.534223 3.82081
2.85636 8.05856
3.25033 3.3638
8.72101 5.92645
8.716 5.56908
7.15966 5.64816
2.14638 3.84451
0.1114 1.52634
5.52021 1.50558
2.47547 1.32343
7.74186 7.55257
8.81148 4.38402
1.65345 3.79766
9.71482 5.84738
5.6644 6.90384
8.87895 6.15358
8.48582 6.11869
