50
10 10
4.07592 4.62477
7.14191 6.93007
3.0039 1.63902
3.05456 8.3355
9.28305 8.54346
6.40879 0.283902
3.90552 4.5628
5.88921 3.89284
3.58338 6.35127
3.57824 5.07275
4.27743 5.32102
0.461702 8.98285
1.84098 9.60425
6.24758 5.73283
7.08079 8.20317
7.74211 6.46447
5.3866 0.389449
7.01677 8.05003
0.424275 2.96285
8.5433 8.73677
5.11502 9.28664
9.66153 5.06636
8.79655 5.74994
9.40559 4.3281
0.934173 1.38568
4.01083 3.90321
3.22888 5.80479
7.63885 0.311061
6.7836 5.28761
0.450445 3.29518
2.61468 1.81501
5.15211 6.93989
5.70234 2.05451
6.7324 8.87875
4.41417 3.43271
6.9477 4.25762
9.54102 8.50796
5.73685 7.44175
8.72784 6.85002
9.88927 9.71812
6.87034 8.27004
0.698479 8.08618
3.03699 2.45733
0.520366 8.5472
1.90874 2.03912
7.21731 1.26591
1.20044 8.91268
8.05137 5.76814
7.2725 7.23118
6.23012 6.54217
