50
10 10
7.42062 9.17039
4.74473 0.899577
8.60152 1.33002
1.47131 9.09605
3.43552 6.95615
6.31651 6.80253
1.19239 3.87984
3.05291 7.866
1.62642 3.44414
2.18773 0.596297
9.76997 0.906831
2.94675 0.61841
9.69409 3.07653
3.6461 5.71614
8.96839 2.27024
5.98982 0.759825
2.22502 7.50574
3.58284 4.85979
9.7525 4.71332
5.14612 4.88653
3.78063 8.45248
3.35407 9.80131
6.58292 9.84272
2.64174 0.708803
3.89952 5.74945
0.466694 0.808492
6.53754 2.22544
3.47357 1.46416
2.34158 4.8407
3.50387 6.05327
6.66651 6.4958
0.400835 0.455897
7.29787 1.10314
9.20032 4.65093
6.24651 1.96184
2.14243 9.7785
8.78875 0.187724
1.4286 8.53094
0.705505 3.89707
0.147019 2.11695
3.26641 3.27977
4.20101 5.3241
0.897227 1.6663
8.08017 2.52469
2.61097 1.24524
4.36017 4.30412
6.1157 4.09841
4.21353 7.55711
9.25769 8.25283
8.02267 0.543045
