50
10 10
5.26822 0.736332
4.50515 8.92815
3.39822 6.58616
7.7029 5.4204
7.19336 9.86185
9.64392 1.80342
8.15994 2.49327
6.64259 2.72244
9.31539 7.49609
4.33946 5.16946
3.97614 0.170502
0.130816 8.3133
5.48255 7.82226
9.37306 9.06244
6.27907 1.44354
6.74944 2.76251
2.84458 3.43834
9.85323 9.5121
9.28123 5.0498
2.52816 3.98628
2.94966 1.58009
4.56982 8.82703
5.60308 7.44892
6.86633 5.07479
4.42009 6.55445
4.33064 7.54672
5.45963 6.01723
7.87517 9.21952
0.244902 0.979516
4.90306 7.67117
4.72225 1.02754
3.79512 5.83049
0.504139 9.46814
5.53553 8.01605
2.27713 3.21595
0.832201 9.355
1.72529 9.68399
5.42265 4.25255
4.17264 7.07586
3.19213 3.07308
0.179333 5.61474
3.3949 2.50376
0.703291 1.58064
4.04224 3.96998
0.077812 9.23179
6.11082 8.93759
2.85224 2.11706
9.02699 5.48927
5.89171 6.29316
8.05773 1.8061
