50
10 10
3.56552 5.94064
5.90085 6.54843
6.75558 2.80459
1.74535 8.34519
8.11592 9.01014
6.35902 6.35987
7.1859 5.92006
0.863545 9.36195
8.94143 3.73554
6.5907 6.99483
8.12468 1.60181
3.45545 2.93004
1.15192 6.11245
3.75478 0.0587122
0.728273 3.20795
3.53383 7.14251
4.33113 6.24745
1.19882 3.07754
8.22482 1.09991
8.71367 6.79213
6.36869 9.08055
7.75104 8.3863
9.77508 2.16132
2.41452 2.87002
3.76088 0.994055
6.82903 8.7143
2.06871 7.51017
5.04437 6.22872
5.87102 1.278
6.85585 2.87195
7.88877 7.0047
3.15747 0.556009
4.98207 9.14764
8.62287 5.59713
1.70048 4.69593
7.14481 6.11026
8.31344 9.6018
4.22868 3.59594
0.413672 1.22854
3.33094 7.6016
4.59024 6.75858
1.25878 0.450321
6.76417 9.5559
7.64626 2.29666
9.0946 6.20908
2.63786 9.40529
5.99488 5.10954
1.99879 8.66605
1.47079 8.10902
6.80537 3.39427
