50
10 10
8.23438 2.21902
0.884638 2.12584
6.50059 6.85856
3.36667 3.75914
9.91738 5.94761
5.32658 7.15279
7.08331 1.0177
5.25745 1.92884
8.54956 6.37702
0.198333 1.33569
6.5096 5.64235
0.280185 3.2022
2.8346 0.235853
7.79617 0.192073
0.36115 9.17968
0.63001 7.90663
1.22355 0.310127
8.95407 1.12166
4.9131 7.99507
1.94664 5.37956
3.48086 8.29428
3.15311 4.95779
4.41365 3.95511
4.12663 6.47587
4.36982 5.25832
7.90872 1.14943
9.44 6.62777
6.60592 4.94181
0.797997 4.24415
0.765836 6.22942
7.27326 9.29699
0.693294 0.129377
7.93062 8.87744
5.33173 3.60499
4.14647 2.47755
9.52619 6.92885
6.45894 1.58457
6.55676 3.09254
6.75218 8.09875
7.2953 3.66193
8.08382 7.20891
4.81571 8.65616
9.77912 5.33184
3.67079 5.43055
2.48976 8.08352
4.40449 6.2974
9.71847 7.4164
5.81342 2.76969
5.47138 2.43951
4.33392 4.08396
