50
10 10
6.76399 1.05649
1.15469 1.48959
9.07298 8.32155
6.48672 2.46604
7.82655 1.75473
4.09644 8.33944
9.13288 7.86693
3.02733 6.1292
3.95892 8.92352
5.72171 2.52178
0.924123 4.74576
5.13222 1.12731
8.4894 4.91736
6.11281 4.76512
4.36275 0.979238
0.666499 3.59045
3.97671 1.48582
8.03288 8.66634
1.16605 5.03189
9.59572 0.472858
5.5549 5.43911
3.91531 7.51609
4.36776 1.27797
0.698162 3.35152
4.64042 6.4628
5.06468 1.67011
0.989404 6.00416
8.76782 6.20678
1.63664 9.33554
1.17965 0.806286
1.82867 1.99571
4.83502 2.81489
3.39253 9.63889
2.51168 2.27158
9.048 9.06748
3.85978 9.95706
1.57513 4.96744
6.58056 7.62044
5.76154 5.37961
3.49127 7.31148
5.80403 8.22611
3.17862 5.1749
8.635 6.14888
2.69487 5.20283
7.76657 0.542943
5.74876 3.50671
9.45462 3.8386
9.80321 8.58076
2.04177 5.37383
9.86096 5.28109
