50
10 10
4.0582 3.62942
4.09547 3.87893
7.87898 4.52345
4.41718 6.10455
1.43396 4.57737
6.46159 6.50755
5.23305 7.78628
3.33756 9.59759
4.10281 3.48855
4.62745 6.89062
4.80197 0.80466
6.58861 2.50096
9.92513 6.76495
5.56299 5.63882
6.71964 9.85879
7.58858 8.47668
4.74684 4.2172
6.75552 5.18125
8.93552 1.02504
1.61927 3.33293
1.61697 6.04202
4.42381 8.42657
5.71694 9.17709
7.92126 7.99556
7.69303 7.36996
1.04883 2.78726
7.404 3.93414
5.36629 9.75945
5.46415 6.70725
8.93277 8.10264
7.61217 4.44959
8.14866 1.94332
7.60929 9.20537
3.21026 4.28782
6.96514 5.50156
5.25182 9.59698
8.35254 1.31754
0.758731 5.97387
0.0302176 9.54781
4.43557 6.90619
9.77615 5.19986
6.78038 3.96675
9.87364 0.760182
4.62983 8.09161
9.49231 4.31966
3.92325 3.59032
8.08007 0.664698
4.03581 2.5041
5.06626 2.72864
6.41781 7.13627
