50
10 10
9.13793 8.39675
2.86634 7.15457
7.02125 4.69869
1.44991 7.76348
0.957749 6.12559
1.59821 8.36147
3.33829 7.35001
8.82571 4.45752
5.25367 0.105783
1.52793 7.08501
6.09697 5.24126
9.60745 9.45922
3.96036 8.51443
7.214 9.74094
6.91971 0.588672
9.11447 3.03552
6.91399 3.39599
8.70052 8.84838
3.91538 7.41582
3.70292 2.57923
9.06767 3.49133
4.45222 1.58703
9.43929 3.77409
8.33767 1.48085
4.72495 9.83354
2.18568 4.55622
7.68557 2.50883
1.99834 2.51148
1.29738 5.27295
7.0333 0.355611
5.51793 4.43799
9.79736 6.72982
6.65022 7.15253
1.29071 9.25087
9.4091 6.61223
4.12216 7.1898
6.50662 3.47804
8.75119 1.37322
8.1836 4.47147
3.31247 9.23865
9.2153 9.21877
2.42482 5.24554
2.90233 9.88228
3.13458 9.63948
4.0427 5.37388
1.39069 3.6796
2.49914 8.51191
0.366234 9.50119
5.12752 5.13314
5.27958 1.70482
