50
10 10
5.56365 3.68824
5.42283 0.990506
2.86958 7.22491
4.04775 7.22027
6.22672 2.85087
1.3384 7.97288
6.84482 5.81633
9.52368 8.7493
0.182303 8.52035
0.993795 5.73716
6.91525 3.08493
5.56844 0.188286
9.06556 0.432249
7.03828 4.74432
8.07248 4.72127
5.06195 8.87545
9.10214 1.83652
6.71109 8.43202
2.69195 8.58556
4.97633 0.882769
4.89088 7.5993
2.34637 4.46956
7.86262 7.99817
6.42818 8.88168
7.77002 2.38976
4.65979 8.54934
9.85417 9.87673
6.83349 6.95836
4.30249 9.15171
2.48919 1.11302
4.75198 7.92174
8.50671 5.14783
8.45447 0.531665
0.243552 0.62986
5.0002 8.61621
6.72205 1.32564
1.18028 5.9815
2.93496 4.42048
5.1332 5.42904
8.76024 0.370373
0.391767 0.701923
7.57233 8.88634
0.807376 9.37729
2.15178 2.20015
5.38324 5.75684
3.61284 8.6475
4.17021 9.81032
3.03582 8.72434
3.95062 7.85278
5.37787 4.05915
