50
10 10
4.78927 9.26176
7.15815 3.15083
6.22702 7.22773
9.37434 3.19974
3.63895 0.892949
5.83816 0.560217
2.04389 5.41144
9.76634 1.43823
9.30311 5.71163
5.69124 8.09506
8.00672 4.76889
5.69102 4.90002
9.41907 9.76615
3.74446 3.92904
7.98422 6.34913
0.083596 0.694075
4.91021 1.26186
5.55109 0.949213
4.77298 8.11915
7.60053 2.05494
8.50101 2.38139
4.55846 2.47913
9.93238 2.18631
5.40804 9.34906
6.04536 0.223075
8.83926 0.964126
7.34984 5.66247
5.93588 6.8027
1.26159 4.409
1.34909 0.0336789
2.48956 1.46559
5.08689 3.81067
3.6548 2.82198
1.54143 1.65018
7.04023 1.16005
0.740584 2.57608
3.49409 5.87752
3.26156 9.90963
1.33597 2.29621
5.63548 7.46214
2.14662 6.66517
8.04733 6.68229
7.22932 3.61124
7.79024 1.62873
3.85356 7.39391
0.641742 1.77902
3.29239 4.60272
0.959726 0.732775
6.01963 3.31722
3.09968 3.44373
