50
10 10
8.29343 1.72007
2.56727 4.81422
4.45271 1.15819
5.62945 6.13105
4.02476 7.99083
4.22617 7.7908
6.32056 7.85258
7.80431 1.43038
7.98029 6.01116
2.02073 1.2871
9.66077 5.20875
5.96939 7.28886
4.63595 2.25994
1.65105 3.67817
5.63961 8.66193
2.78598 0.497482
2.07679 5.73967
3.55938 7.53617
1.39425 1.73463
1.91247 2.64771
8.66387 4.95681
4.52981 0.866583
6.31762 8.9626
7.12363 3.18122
0.766755 2.22214
5.18684 4.94503
4.58719 4.48274
5.00134 4.17874
2.04807 6.09086
5.79624 8.69688
6.45894 5.43887
3.91054 5.6639
5.64929 8.82975
0.225418 3.47555
2.6911 5.34964
3.53815 4.38458
7.42832 2.06063
6.17157 5.38513
4.7339 0.624272
8.39902 0.104801
5.74984 2.22054
4.83169 5.28027
4.62104 7.8787
8.28157 4.17586
7.83257 7.91162
3.89064 7.94915
1.04882 0.151923
9.53236 3.814
3.57127 5.04802
4.56493 3.26541
