50
10 10
0.399529 6.66189
1.88836 3.94175
6.53171 0.833359
8.67628 0.214021
8.8039 6.77621
2.16807 5.48963
1.6036 0.861084
4.93999 1.84291
2.54073 4.05614
1.02336 4.72237
4.32823 5.65674
1.99651 7.55938
3.62815 7.20649
0.399323 6.79546
0.631544 5.64394
0.53699 8.05338
9.90753 5.2201
0.560705 3.13379
4.52504 9.051
3.7438 3.45381
9.05866 3.30104
2.91347 8.69948
1.26255 5.98396
8.23478 1.94485
8.94818 3.51469
4.87356 4.44241
7.15664 8.11354
8.5563 7.8346
9.24333 7.26867
5.64774 4.4049
2.75124 6.09417
0.87779 1.02171
5.93238 7.0436
9.07829 5.28167
3.67936 5.63919
1.05874 1.29963
9.78076 5.38522
7.16456 9.12275
1.0708 9.71301
7.22588 1.27073
2.72439 1.97015
6.09513 8.17044
2.32229 2.5714
7.20807 6.27385
2.56109 5.26836
7.61683 3.811
7.07444 0.266739
9.09545 9.80638
5.24516 6.05358
6.5482 9.37379
