50
10 10
8.82769 5.03294
9.90708 7.09433
1.65377 5.39627
7.25514 0.0527713
8.40956 7.8541
8.35513 1.53464
8.72681 4.42694
6.55991 9.70839
8.34818 7.77237
1.75183 6.60671
2.28809 0.545615
6.38586 8.28941
8.34775 1.08843
5.72864 7.03289
1.59239 8.13359
3.30831 5.50628
9.49892 5.02937
8.35135 7.08779
3.93617 3.32252
8.14581 6.41858
1.12411 6.40427
1.3479 1.13287
1.39129 4.5609
2.24247 9.26128
3.62439 4.36435
3.17883 7.08596
1.73791 7.31907
7.29958 4.47063
0.293291 0.464582
9.77262 9.47077
1.98565 2.85868
1.08264 0.404856
4.14952 4.3824
6.83151 7.00668
3.92618 3.48657
5.00961 7.39404
6.27224 8.07882
0.691611 2.93225
5.64713 3.13699
6.40161 0.769272
7.8526 1.13345
4.74857 1.79018
4.3042 9.84057
0.22282 2.57286
6.70932 3.78894
1.4456 7.00208
7.80222 5.499
2.25856 5.57603
8.45627 2.9077
6.11028 6.04639
