50
10 10
5.13228 2.25629
8.39431 4.38822
1.63994 8.83936
4.61538 6.16678
0.281122 9.78251
5.22661 1.56337
9.34721 6.73698
9.97376 7.92223
5.55996 9.73503
0.935407 6.56909
5.07176 3.09
9.59091 2.62951
3.02037 0.397561
8.52772 6.7981
4.19534 9.26601
1.31768 5.76455
8.58 3.37213
5.32299 0.942025
0.192611 7.6205
6.57308 5.23345
6.47569 9.39088
2.98974 2.02288
8.7581 5.70968
7.34081 4.97019
5.17713 7.13247
1.55139 5.28119
1.16325 5.62641
6.07609 3.52454
8.12399 1.51778
4.43312 1.6527
5.97259 6.88125
8.80693 4.25909
9.08427 7.2255
7.80338 3.88419
8.71377 4.00985
9.41924 0.229646
7.42546 1.90846
8.64902 5.24965
6.10661 8.76452
8.43504 5.15652
2.83552 0.0747539
9.68744 7.36822
6.50359 1.0988
5.65485 7.13178
4.42454 5.23371
8.19963 5.89402
5.78735 3.27421
3.05781 2.23683
5.02676 3.14872
8.54303 9.6376
