50
10 10
1.56135 2.47172
6.02818 7.28431
5.18841 5.86403
5.14934 0.725427
8.15165 7.73763
8.34082 3.25724
8.37296 7.30626
6.65968 4.26462
1.90813 0.922211
3.24066 9.89158
2.84402 0.961456
5.5402 4.63383
4.7013 6.04141
5.7621 4.43175
7.23347 0.0637651
7.1388 2.60623
1.07466 5.44279
0.118543 1.17749
3.22997 9.25931
6.91022 9.00622
8.78178 3.55384
3.35313 5.33933
4.82287 5.57843
1.65209 1.01585
8.99731 5.48533
5.84445 1.90229
0.431478 5.45287
5.44963 3.73539
4.1204 1.51673
8.75321 7.62933
8.04227 6.34705
2.37874 1.01995
6.83807 3.21057
2.09076 8.2508
9.03922 6.95233
1.92947 7.84084
4.43421 2.72873
3.13176 3.17229
3.34256 9.97198
2.9413 6.75301
9.87466 7.19111
9.16476 0.421307
0.818952 9.8033
6.05398 5.61741
7.13879 4.72551
4.07905 7.35133
6.70749 1.4175
2.68303 7.83215
5.10552 3.78319
2.47134 0.532413
