102.1
0.953792 3.02219
1.76044 2.1123
3.67354 2.9156
5.38013 4.44555
4.5088 5.48077
0.923991 5.44873
0.943718 5.77792
0.771964 7.12454
1.10228 7.44366
0.247293 8.2921
0.79993 8.69247
0.996706 9.13542
3.42367 9.60396
3.13721 7.66969
4.25333 7.44697
4.36965 7.07412
4.74991 7.52294
5.24072 9.57667
7.62862 9.55967
7.38878 8.26093
8.19616 7.4233
8.60482 7.55752
9.0667 7.6106
9.7964 8.28534
9.61709 6.06935
9.0214 6.67099
8.59626 6.06625
8.54657 6.86815
7.8667 7.36257
7.12391 6.65859
6.03285 6.48835
7.36693 4.82808
8.91623 5.20684
9.34029 3.82494
9.21495 2.45945
6.998 3.47386
7.11478 2.83477
8.29809 2.04632
7.16294 2.10503
6.04788 2.35726
6.16942 1.90471
5.43222 1.33932
3.56355 1.79545
2.97844 1.26026
2.93488 1.29535
2.62172 1.65746
1.83049 1.73126
1.04425 1.52569
0.987584 1.66483
0.869873 2.72928
