116.387
9.66617 9.92402
8.94128 8.77875
8.62649 8.18007
8.01239 7.51667
9.25182 7.23217
9.39789 5.32097
8.85832 4.05407
9.82699 1.76144
7.36767 3.86477
8.1312 0.153941
4.90712 0.202267
3.37933 0.851574
4.15192 1.02751
5.5804 2.14787
3.90687 3.21724
3.57341 4.48223
2.90524 4.47292
1.59971 2.46955
1.50554 1.57941
0.872941 0.245288
0.230735 0.71693
0.160908 1.65745
0.847864 4.4641
0.133487 5.47731
0.72532 6.10362
1.60051 7.47658
1.55756 9.28855
1.56347 9.90312
2.97178 9.84052
4.04032 9.01231
4.93574 8.51826
5.1129 7.00771
4.00972 6.36728
3.22195 6.51685
3.08359 5.97936
2.89771 5.10451
3.87786 5.17374
3.93981 5.60414
4.82321 6.8713
5.30495 6.58587
5.69604 5.96459
5.87208 5.93527
6.70867 7.21405
7.32899 7.48539
7.18746 7.94253
6.80373 8.00264
6.729 8.04916
6.44773 8.64686
6.33191 9.03581
6.67775 9.821
