74.6768
3.11333 3.09076
2.41846 4.55249
0.841259 2.09875
0.304598 3.92735
1.27449 5.27908
2.28471 5.77527
0.888699 7.64065
0.923745 9.10015
1.89487 9.37283
2.00862 9.41193
1.41525 8.06204
4.64373 9.55881
7.32686 9.73349
8.56924 9.41274
8.67122 9.3996
8.25899 8.74025
9.60517 8.13529
9.09514 7.42094
9.72684 6.88807
8.2665 5.97733
9.77901 4.21049
9.24657 4.02322
8.26178 3.36801
6.82781 2.24501
7.82292 1.24485
9.84771 1.55079
8.47875 2.36653
7.38592 4.0655
6.25273 4.12136
7.87203 6.0633
6.77877 6.46718
7.87917 6.43104
8.38421 7.73814
8.04145 9.16794
7.70371 9.9387
5.84542 9.17376
4.05976 8.62861
2.89195 6.82331
3.03724 6.16158
4.58933 5.93427
3.21649 3.5858
3.93777 3.31491
3.52039 2.56146
3.11177 1.98859
4.61887 1.89103
4.86238 0.986048
4.09094 0.806864
3.33599 0.468549
2.89348 1.17968
2.92923 2.67252
