114.442
0.241211 7.0139
0.777172 7.2325
1.06621 7.12105
1.43388 7.71288
1.9966 7.69949
3.23449 8.57844
3.15918 6.11575
2.72426 5.9715
3.86446 6.10707
5.17485 5.98624
5.68547 6.83776
5.74582 7.57436
5.41679 8.07791
4.57222 8.23395
4.26473 8.36957
4.78993 9.60418
5.80112 7.94529
6.88154 8.57897
7.16153 9.18795
9.08909 9.09816
9.52867 9.78647
9.22289 9.5562
9.93112 7.91701
9.98437 7.53753
8.36317 7.79586
8.15055 5.64885
6.42468 4.86773
6.01378 4.69367
6.93911 3.92854
9.27598 4.66868
9.43339 4.40488
9.55716 3.57354
8.96052 0.151456
6.06719 1.34534
5.12714 0.465611
2.69162 0.887449
2.65457 1.18888
2.59631 2.20815
3.39121 2.0355
4.78465 3.89439
5.21711 4.54994
3.68619 5.52068
3.37316 5.64387
2.97829 5.14523
2.78332 4.16149
2.29116 4.19008
0.813471 2.67435
0.138904 3.979
0.676123 3.84293
1.65591 5.63461
