107.841
5.30959 8.63287
5.64135 9.072
6.5639 7.85774
7.72777 8.30622
7.84095 9.86148
8.06637 9.90023
9.18733 8.93828
8.42963 8.08447
7.8646 7.2757
7.47987 6.55357
6.66656 5.73747
6.11082 5.05482
8.27954 4.88451
8.64744 5.41675
9.97697 6.45923
7.78202 6.00898
7.22977 4.39288
7.28859 3.13898
8.75897 2.5003
8.08944 1.74539
9.17552 0.150775
8.16949 0.149199
6.90641 0.16025
5.06584 1.16741
5.21992 1.82163
4.95925 1.65726
4.50298 0.795567
4.4291 0.77533
4.05889 1.64309
2.28751 1.8137
2.20446 0.962393
1.5891 0.782843
1.19152 0.534067
0.27647 0.625113
0.0903641 1.87257
0.050318 4.30892
0.857698 4.63224
1.09526 5.67469
2.09249 4.77384
2.21695 5.18368
2.31678 5.54619
2.74463 4.73272
4.30122 5.10816
3.81924 5.362
3.31926 6.20043
3.10286 6.04214
3.18128 6.22514
2.81526 7.95917
1.51891 9.71481
2.3013 9.59424
