113.393
7.2137 1.58927
6.64758 2.5364
8.21533 2.78426
9.75488 2.20308
9.93919 3.12592
8.36335 3.78127
8.08905 3.76782
9.72566 4.90126
9.1146 6.13418
9.64923 7.04693
8.73438 6.21765
7.91506 6.50743
7.30837 6.26087
6.84033 6.98011
6.12334 6.41039
5.04435 7.26993
6.80114 7.12056
7.36724 8.73557
9.81804 8.36839
9.99657 9.82272
8.50477 8.25082
7.86538 7.68549
6.94938 9.18828
5.04493 9.81208
4.55868 8.66517
3.93965 9.53533
2.00129 9.90753
1.88813 9.45331
1.81252 9.16778
2.05808 8.29665
0.634737 7.72025
0.321788 7.71537
0.405024 7.05629
1.6846 6.96512
2.28518 7.2015
3.22255 6.75337
4.68014 4.57805
3.60659 4.91962
2.97522 4.0365
1.29859 3.83044
0.408428 5.15423
0.571123 4.42489
0.605785 3.3846
1.96038 1.74922
1.65618 1.23586
2.43059 1.15581
3.22589 1.1708
4.37925 1.14863
6.03307 1.15478
7.30325 0.347872
