70.5767
6.97443 4.89431
6.69974 3.47795
5.72535 2.57391
7.07711 2.16501
5.59324 0.943834
3.49149 1.66426
2.97485 2.91883
2.55346 3.66963
3.38761 4.8843
3.39337 6.17097
4.08748 7.54885
3.22158 8.17592
2.50904 7.42158
1.893 9.88278
1.08199 9.90371
0.388271 8.91698
1.73189 7.29939
2.6659 4.59673
1.04767 5.02943
0.830989 6.04344
1.48955 4.56654
1.7698 3.35916
2.08977 2.9471
2.36084 1.59106
1.77103 1.06565
1.52054 0.570597
1.52503 0.475023
2.93943 0.894887
3.56456 1.4771
6.62317 0.595424
7.21097 0.837362
7.47945 2.41308
9.85602 0.564211
9.00061 2.39796
8.02685 2.686
7.54673 2.89568
6.69715 3.60821
5.70846 4.87945
5.71873 5.44841
6.5825 5.49346
6.16165 7.19543
6.525 9.59735
7.94877 9.30058
9.84962 9.1176
9.54158 7.24334
6.91168 8.4641
7.12719 7.09795
7.41949 7.08241
7.57252 6.49271
8.06587 6.00108
