107.632
4.80057 0.936851
5.71826 1.88446
5.97538 2.45027
4.83956 3.36537
4.13854 2.45151
4.56383 1.4462
4.36549 1.01781
2.91035 0.23478
0.637072 0.795552
0.312129 2.68607
0.883674 4.65852
1.00888 4.91357
3.21015 5.24113
4.47107 5.04026
4.64899 5.5083
3.75781 7.17745
1.94111 6.94444
1.36273 5.84966
0.39095 6.18553
1.11205 6.47335
0.900622 7.35287
0.0134913 7.95043
0.987131 8.87112
1.33649 8.72833
2.05506 9.20301
2.48427 9.94953
2.72577 9.54056
3.16854 9.46652
3.91308 8.22116
4.66492 8.60061
5.6109 8.59648
5.5835 9.41613
7.34212 8.11112
8.01964 7.86884
8.95717 9.44499
9.94218 9.22966
8.7009 7.01767
7.89939 7.96292
6.97728 6.7865
6.92508 5.45227
8.7891 5.87176
8.5729 2.74136
8.89213 2.66232
9.45874 1.59897
9.18237 1.59548
8.65548 0.737786
8.19175 1.62802
6.98817 1.33257
6.32924 0.611705
5.65369 0.285873
