63.8076
7.62006 4.27733
6.99834 3.57439
7.80383 1.41589
9.09357 0.783009
9.46768 1.24267
9.48072 1.74295
9.12513 1.21118
9.15667 0.79936
7.49907 0.269272
7.64088 1.49535
5.33088 2.87024
4.73492 2.2512
4.54131 0.615954
3.4375 2.65884
4.61945 3.34589
4.71947 3.54874
3.64324 4.13437
2.82689 2.43868
3.20566 1.88605
2.99394 1.91476
2.48658 1.91892
1.87646 1.89581
2.50422 2.62763
0.618457 4.08489
1.7136 4.80891
0.371317 6.97555
2.21277 6.42426
2.9867 5.1711
4.3114 6.2431
3.60528 8.19279
1.6662 8.69889
1.44452 8.44059
2.93669 8.66769
4.9041 9.2545
6.02719 9.1692
6.55224 7.29025
7.24749 7.5986
7.59308 7.84784
9.29874 5.59906
9.51366 6.21173
8.72353 8.18853
9.27638 9.12984
8.65884 9.48442
8.44041 9.67733
7.84672 8.19849
6.43492 8.83843
4.66616 8.73954
4.82519 6.99408
4.59521 4.65265
7.10069 5.0264
