79.038
2.97845 9.05348
4.48083 9.16173
6.47427 7.36279
7.19085 5.55074
4.98189 5.12151
3.16382 5.5088
1.72806 4.12684
1.91315 1.73369
1.61726 0.230249
0.668769 1.80268
0.292295 2.22255
0.79935 4.28713
0.738516 4.63832
1.47292 6.13859
2.43691 6.25349
3.85408 5.49621
6.22868 4.23005
5.41819 2.53971
4.08559 2.59735
5.10305 1.75809
4.4553 0.193187
5.75473 0.119552
6.47313 0.319916
6.1475 1.31381
6.03567 2.71072
6.84258 4.30299
7.24187 5.41531
8.32247 5.23753
8.92181 4.22235
9.2387 2.36646
8.58972 1.48891
8.12251 0.378122
9.12969 0.57597
9.84288 2.3776
9.32433 3.76605
9.83041 5.65985
9.5232 5.88501
8.58461 5.91797
9.38611 6.94214
9.81239 9.12537
7.85035 9.59936
8.06464 7.06491
5.51174 8.09835
3.6733 8.66738
2.56059 7.92683
1.4009 7.98563
1.15552 8.6689
0.4681 9.9917
1.67889 8.31338
2.56003 9.05657
