108.423
5.94701 1.54089
6.17553 0.517942
6.4163 0.477507
7.05325 1.01538
8.06667 1.27649
8.79369 2.21206
9.46742 2.65298
8.54945 2.625
7.37157 2.69261
6.89245 4.26641
4.73984 2.81233
3.7256 3.11832
4.33719 4.26322
5.08937 5.48378
4.54246 6.54107
7.36312 6.95434
7.85151 6.6216
7.21094 5.09757
6.95438 4.87533
7.91116 4.79534
8.94225 4.09861
8.79631 5.51974
8.6572 6.06578
8.64417 6.55494
9.73903 6.59133
9.70568 7.76945
8.56015 8.68797
8.44065 8.7718
7.99529 9.99784
7.68707 8.76771
7.35232 8.11956
4.48111 8.46753
4.17629 9.52771
3.73836 9.24409
3.74127 7.9803
3.31897 8.54387
2.52439 9.83726
1.39977 8.55358
2.18994 8.11024
3.11587 7.64746
3.50896 5.75902
3.09271 5.6557
3.06667 5.45366
1.38217 4.41163
0.0412426 4.4043
2.56661 3.74818
2.24083 2.90892
0.552714 1.5199
0.967241 0.179196
1.74872 0.110316
