69.6137
5.19253 8.36187
6.91206 8.24889
9.67504 9.53776
9.53297 7.85902
8.77789 6.9901
7.49322 5.54712
8.22058 4.54517
7.73596 3.46703
9.7753 3.81826
9.0798 2.23849
9.73121 1.95791
9.51149 0.277958
8.27469 0.830384
8.13655 2.93472
6.59057 2.44291
7.50188 3.13335
5.86607 4.18951
5.24169 3.61236
4.32664 2.25262
5.92824 0.461106
4.37851 0.813554
3.41664 1.39219
3.08536 2.08493
2.74848 0.216715
1.61862 0.285305
0.780688 1.46306
0.646706 2.33695
1.96128 2.41245
3.33378 3.0363
4.7881 3.6435
5.24426 4.16544
7.05328 5.14555
5.87626 5.64871
3.04525 6.80453
3.03541 7.04519
3.19557 7.27329
1.80073 8.46382
1.4608 9.37228
1.14001 9.7692
0.944951 8.8675
1.83169 8.19783
0.349941 7.85602
1.45983 5.7539
2.85428 6.40266
4.63978 5.8279
6.71729 5.81464
8.14608 6.97285
6.77026 8.92307
5.52495 9.53715
4.70387 8.64451
