73.3613
1.79929 0.258621
4.4969 2.01607
3.81005 3.27186
3.7176 4.72316
2.45341 5.08173
1.62461 2.98325
1.02412 4.37666
0.0112519 6.09645
2.35626 6.2008
1.00645 8.42209
0.98531 9.98646
1.64949 7.79516
3.34298 5.97092
4.628 6.02221
3.86936 8.15893
3.87902 9.20918
5.01275 9.24183
4.77295 9.64177
5.64056 9.02623
7.13128 9.67839
6.77735 7.6385
8.78391 7.72563
9.19081 9.25004
8.97012 7.7206
9.37612 7.16928
9.46417 6.64649
9.55955 4.95236
9.03336 4.52691
9.33099 6.48344
8.40047 7.13764
7.12623 5.55042
7.62236 2.57168
7.49677 1.40559
6.68178 0.202834
7.82169 1.30174
8.4081 0.657571
8.98058 0.156881
8.76082 1.66683
7.96871 1.59388
6.82676 4.82279
5.56192 6.79261
4.25871 6.22264
3.25604 6.21282
3.15526 5.49622
3.99681 4.59408
4.61406 4.64502
4.95267 4.60665
4.21394 3.33053
4.88639 1.93441
3.36465 0.661636
