112.874
1.97719 8.55693
0.491285 5.02546
0.855655 2.84181
2.18126 2.09712
2.21483 1.02926
3.80017 1.53685
3.77877 0.87177
5.64188 0.357622
6.08187 0.255375
5.96184 0.730654
6.51697 1.60996
6.42799 1.80847
6.22037 3.25173
5.49183 3.96353
5.82804 4.47252
7.27841 2.782
7.71477 3.75808
8.67421 2.82262
9.85278 1.89337
8.27544 2.84515
8.69453 3.98193
8.63925 4.12023
8.77461 4.2395
9.58329 4.74572
9.93451 5.90134
7.753 4.9481
7.25238 5.52363
6.32804 5.10147
6.40663 5.84536
6.725 7.49264
7.42977 7.78486
7.82774 7.74211
9.48155 7.08072
9.96921 7.22283
9.7972 8.31688
9.16368 8.10892
8.95918 9.94933
7.13659 9.67589
6.84263 8.23566
6.69345 7.07732
5.93877 6.84325
5.35488 6.72926
5.09585 5.81587
5.11864 6.58624
5.06543 6.84811
4.40183 7.49495
3.57117 6.71502
3.53515 7.3038
3.56918 7.78511
2.88164 8.39538
