105.837
7.47975 1.29666
8.21198 0.498485
8.06894 2.53512
9.55497 3.7353
7.65451 4.11108
6.97966 4.60813
5.91092 5.33568
6.01815 5.40471
7.45507 5.68056
8.3778 6.24181
9.10473 6.83992
9.58097 7.42723
9.49742 9.23354
9.41121 9.37618
8.77581 9.68449
7.66719 9.06451
6.14649 7.91915
5.89029 7.73559
4.86671 6.28745
3.88826 7.71745
3.53703 8.60793
4.07656 8.68608
4.0556 9.75835
3.04615 9.99709
1.62414 9.54868
0.533514 7.35297
0.431547 6.90595
0.308151 5.5388
1.06381 6.76496
1.09336 7.07026
1.43459 7.21631
2.03065 7.34968
2.29154 6.63752
2.66685 6.00868
3.02178 5.25522
4.01828 5.85443
3.64862 4.86135
3.09762 4.47168
2.75019 3.78643
0.838025 4.41464
0.824517 3.27287
2.28998 1.02185
2.48865 0.456351
3.19126 1.7743
4.55872 1.75581
4.57599 3.40217
5.99366 3.49695
6.61467 3.01239
7.01641 2.58218
6.4119 2.04797
