73.5532
1.56135 2.47172
2.37874 1.01995
4.1204 1.51673
5.10552 3.78319
5.5402 4.63383
5.7621 4.43175
4.82287 5.57843
4.7013 6.04141
3.35313 5.33933
1.07466 5.44279
0.431478 5.45287
2.9413 6.75301
1.92947 7.84084
2.09076 8.2508
0.818952 9.8033
3.24066 9.89158
3.34256 9.97198
3.22997 9.25931
2.68303 7.83215
4.07905 7.35133
6.02818 7.28431
5.18841 5.86403
6.05398 5.61741
6.91022 9.00622
8.15165 7.73763
8.75321 7.62933
9.87466 7.19111
9.03922 6.95233
8.37296 7.30626
8.04227 6.34705
8.99731 5.48533
7.13879 4.72551
6.65968 4.26462
8.78178 3.55384
8.34082 3.25724
7.1388 2.60623
6.70749 1.4175
9.16476 0.421307
7.23347 0.0637651
5.14934 0.725427
5.84445 1.90229
6.83807 3.21057
5.44963 3.73539
4.43421 2.72873
3.13176 3.17229
2.84402 0.961456
2.47134 0.532413
1.90813 0.922211
1.65209 1.01585
0.118543 1.17749
