66.8258
6.03338 7.0671
6.79533 5.40095
8.45483 5.89836
8.95696 7.33009
9.83288 9.38929
9.8762 6.32428
9.79716 6.54976
9.26825 6.40665
8.44397 4.95113
8.96351 4.61139
9.5013 4.32386
9.31608 4.45316
9.01523 3.58303
8.66779 4.37711
8.65892 3.4755
9.00432 1.78244
9.63351 0.339335
9.02693 0.933815
7.95106 0.212184
7.05859 0.625959
4.00958 0.0348636
4.50857 0.792496
3.74265 2.36154
2.66357 1.38256
1.92864 1.03161
0.805208 0.270868
0.981782 1.67272
2.71064 2.43972
2.87547 2.45579
4.07166 2.22149
6.88543 1.48886
8.22708 1.99693
6.40186 3.41025
6.13373 4.63743
6.0432 5.79872
3.70496 5.62892
2.10773 5.29152
0.0735099 4.7219
1.73212 5.56708
2.23141 5.55883
2.34362 7.49236
1.70121 9.37973
1.9646 8.48377
4.6771 6.57139
4.12866 7.97703
5.29815 7.00827
6.28902 7.21507
6.89425 8.64423
6.92355 9.95746
6.72535 8.32643
