110.411
2.47667 3.6403
1.66124 2.25659
0.739839 2.16412
0.928171 0.129347
1.15976 0.240033
1.99155 0.0439882
3.5709 0.368897
3.97188 0.434468
3.81768 0.684278
3.28025 1.00432
3.83224 1.50601
4.52446 3.24923
5.13188 2.57209
5.36364 1.78755
4.34062 0.31057
5.49968 0.846863
6.52577 0.727413
7.54013 0.221896
9.23029 0.280174
7.49724 1.65458
5.53804 3.05654
6.42673 3.91494
6.14344 4.5669
7.2528 5.54374
8.76112 4.47494
7.79727 5.34362
7.6396 5.73135
8.13765 7.77783
9.05072 8.41182
7.52236 6.57385
5.576 6.23439
6.0751 6.90977
6.59249 7.77888
7.10994 8.62463
6.64752 9.21885
5.85292 9.44126
4.30398 9.32749
3.92585 8.76222
2.4783 9.26863
1.85777 9.3641
2.9847 9.09564
2.82262 7.70302
3.96035 6.99454
2.82599 7.42304
0.637523 7.52048
1.25128 5.51318
1.11918 4.68008
2.23414 4.92709
3.20059 3.69199
2.96516 3.59175
