105.367
3.57217 4.39887
2.46102 3.89384
2.45671 4.22562
2.14644 4.45531
0.264215 3.58012
0.675532 1.29682
1.25396 1.89817
2.38489 1.83107
2.62469 2.49759
4.54007 1.65516
4.65188 1.68439
6.12356 0.96922
7.0278 0.152468
6.05237 1.61211
6.24101 1.70524
6.10496 3.06457
5.53653 4.28867
5.48144 4.81949
5.91873 5.68099
7.36301 5.82649
9.12057 4.18124
8.62145 3.49859
8.77018 3.77462
9.95577 3.76565
9.20936 4.5698
9.47161 5.88424
8.43138 6.24496
9.2557 7.96296
9.14424 9.44459
8.02706 8.54681
7.91769 8.12514
7.13147 8.24709
6.83026 8.07146
6.84825 8.02481
6.78228 7.10522
5.49627 6.97439
4.80746 6.36168
5.47272 7.34141
6.14997 8.87855
5.85848 8.72296
3.39898 9.35762
3.20459 8.78487
3.09497 8.24797
2.56708 7.82515
2.61013 8.18626
0.992701 8.72589
0.704207 8.95866
1.04122 6.05197
1.97104 6.50112
3.51594 5.29581
