111.094
5.0608 1.15253
5.44038 1.71344
8.27139 1.6621
8.8036 2.15491
8.92583 3.46461
9.0595 4.29931
6.53606 6.07123
7.44466 5.84856
9.4474 6.25371
9.66467 6.2266
8.47287 8.15659
9.24442 9.04569
8.35672 7.92744
6.84683 8.32364
6.41661 8.27017
5.24791 7.90472
4.94358 8.9622
4.98045 9.86085
4.14863 9.73844
3.54546 9.37731
4.72247 8.16699
5.00638 7.42559
4.06108 6.12147
3.67799 6.67477
3.15769 6.62724
2.17161 6.46392
1.52753 7.67526
0.820332 8.85657
0.362885 8.98843
0.170473 8.34397
0.0206267 5.70077
1.33826 5.31392
1.92802 4.8683
2.75563 5.16507
1.6764 3.59473
0.0844711 3.73412
0.390152 2.01922
1.14909 1.96404
1.86937 1.67945
1.9626 1.6955
2.90337 0.41135
3.6567 0.92749
3.82761 2.34786
2.65122 3.24213
4.38847 4.43718
4.82325 3.76351
4.25338 3.28978
4.43796 2.47548
4.81522 1.76553
4.57598 1.10857
