64.1341
3.87928 9.9796
1.24064 9.62371
1.05398 8.33919
0.116782 6.99595
0.125938 5.70391
0.612731 4.96011
1.03245 3.95892
0.0940665 2.72873
0.7348 0.954322
1.11076 0.118181
1.95871 1.0431
2.29354 1.07587
3.43805 0.620922
2.82691 1.08454
2.31233 2.38286
1.67785 3.846
1.98985 4.40397
4.44498 3.90965
4.46436 2.77994
4.90606 2.05638
6.38296 1.71554
7.28641 0.957597
8.8284 1.87247
7.46343 3.02823
7.07676 3.1158
7.86255 5.70298
8.35375 7.47134
6.41774 8.26698
8.13347 8.30692
9.54602 6.89593
8.56257 6.07311
7.99833 3.08027
9.63991 2.88148
9.98879 2.60215
9.27365 1.98743
7.72357 0.917839
7.24775 0.729011
7.02186 0.968091
5.48209 2.30585
4.89123 3.30905
5.65157 3.92267
5.66377 4.08687
3.41813 5.20907
0.919797 5.24698
0.441956 6.76322
1.49554 6.60233
2.2902 6.71069
1.52968 7.06891
1.96894 8.9356
4.07593 9.935
