100.867
4.78543 2.24906
5.51461 3.04709
4.84761 3.37495
4.86413 3.43811
4.71428 3.64305
3.14968 2.20504
2.54107 2.18987
2.2224 2.38456
1.66334 1.64818
1.6115 1.49588
1.21372 1.19282
1.47193 0.89425
0.677666 0.767085
0.177847 1.36019
0.51664 1.74901
0.586929 1.78473
1.2861 2.78863
1.18016 4.29697
1.74859 4.72215
3.64436 4.59644
3.20036 5.84835
3.86275 6.26451
2.98706 6.15329
2.46173 7.10343
1.74551 5.65496
0.504835 6.65704
1.24776 7.4972
1.27892 7.63007
1.75114 7.31636
2.63197 8.16864
3.79357 9.94588
6.45246 9.48615
7.16083 8.55822
7.52028 8.15207
8.72291 9.2737
8.42848 8.79215
7.90478 7.7789
9.92503 8.1468
9.88011 5.46747
7.75012 6.04676
7.46394 6.08474
7.85828 5.13188
6.94356 4.90717
7.72974 3.12694
9.2003 2.24147
9.46559 0.850751
9.10604 2.00655
6.29083 2.14395
5.0102 1.38169
4.81853 1.25394
