62.4498
4.31662 7.80882
3.83777 7.30581
2.57164 6.1062
2.70575 5.40687
2.56156 5.83086
1.58333 5.9935
1.08904 6.44123
2.61385 6.71285
3.84129 7.52124
4.15501 7.96179
3.047 8.41112
1.89531 9.54972
3.43652 9.86712
3.7568 8.71895
5.2008 8.2085
6.7377 9.77178
6.40674 6.90102
6.46343 6.46802
6.44597 5.47513
4.88631 5.15558
4.00902 4.55437
5.19719 4.97391
5.01185 2.19909
2.68883 1.75161
1.06284 2.35149
0.59071 2.22665
0.316364 0.909659
1.99765 0.341385
2.16814 1.69859
4.04598 1.56227
6.10176 1.03967
9.03203 0.118495
9.53389 0.596001
8.66846 0.396288
5.40346 4.23585
6.50542 5.09716
6.7866 5.77883
8.09321 4.03804
9.04788 4.50778
8.50457 5.64584
9.81431 6.43876
8.1231 6.48379
7.99989 7.51863
9.64496 8.8991
7.92222 7.59001
7.63939 6.39403
6.42477 6.7105
5.74764 6.36573
4.979 6.51282
5.79889 7.55089
