112.847
9.54833 0.796772
8.80199 1.05843
7.30926 2.39298
6.05856 2.42817
6.55488 2.52015
7.92101 4.23008
9.65674 3.40363
8.28575 5.19662
9.10919 5.97862
9.43593 6.22808
9.64912 8.44027
8.10314 6.98609
7.16891 6.33763
7.13259 5.11788
6.88172 5.01804
6.09681 5.13213
4.71528 4.33774
6.60746 5.6067
6.56882 5.92069
6.24114 6.29579
5.57782 7.20465
5.72127 7.81145
6.35721 7.77846
6.7424 8.02682
6.49697 9.18894
6.94137 9.47698
6.06892 9.11399
3.79616 8.84692
1.79527 9.55252
0.63277 9.2249
0.474897 7.97295
0.825944 5.6278
0.892692 4.87064
1.48881 5.80716
3.07704 5.37789
3.38354 5.37597
3.61484 4.61974
3.43469 4.55476
2.94215 4.22642
0.84884 2.715
2.30161 2.07474
3.66542 1.75506
3.95553 2.10607
5.2128 2.52497
4.12944 2.3397
3.97229 0.438566
3.88204 0.179485
5.69515 0.104016
6.03111 1.66403
8.89626 0.0697906
