72.0638
8.07553 7.31661
7.27154 7.6597
6.65298 9.38548
6.3462 9.07335
4.99598 8.56066
3.35615 9.90763
4.74656 7.93487
2.24469 6.30793
1.2084 8.32024
0.750242 8.53948
0.64015 7.37303
0.699588 5.18836
0.646659 2.70248
0.491608 1.24321
2.22157 1.11475
3.13877 0.83456
3.47717 1.98305
1.54843 1.5698
0.970642 3.22145
1.13296 5.13559
3.85181 5.4772
4.11564 3.88369
4.4978 4.33903
4.27827 6.5949
6.2489 7.73215
6.6172 6.18327
8.32773 3.99171
9.69477 4.26791
9.03768 3.22998
9.78822 2.13368
9.86158 1.52581
8.95824 2.06385
8.77847 1.41567
7.08284 3.52866
6.32427 2.8234
7.30559 1.88978
6.8535 1.53709
6.21133 1.46718
5.48552 2.38827
6.45267 3.03831
6.94325 5.27047
7.87906 6.78218
8.2774 6.67038
8.18909 6.80148
9.69165 6.57309
9.98137 7.33167
9.67372 9.07314
8.53842 9.83144
9.53697 8.92241
9.39943 7.4411
