76.7467
1.76168 7.85355
2.24551 5.39732
1.13346 4.36697
2.80638 2.75431
4.26584 0.846259
4.08346 0.152484
4.33307 0.344248
4.4728 0.837147
6.0187 0.632771
5.21314 1.59063
4.11002 2.10865
1.27328 0.777011
0.902802 1.31115
1.41558 3.19587
0.15399 3.91693
1.42039 6.06008
0.471398 6.88437
0.427296 7.76917
1.16157 9.11402
1.46649 9.04205
3.57125 9.11569
4.75517 8.5836
4.90312 6.68714
3.56934 6.67722
3.42137 4.81815
4.18079 6.2194
5.64406 4.97982
5.59209 6.43441
4.8891 7.56978
7.49255 8.01371
8.43374 6.56027
8.2477 5.92336
8.97254 4.69929
8.93324 3.84591
9.38925 1.91029
8.8473 0.937801
9.78411 2.49458
9.67692 3.60812
9.76218 4.85822
9.59659 6.08664
9.60103 6.1771
8.59389 6.59164
8.37808 8.07511
9.63035 8.50569
9.68881 9.23579
8.66885 9.27143
8.02143 8.54568
5.9875 9.8363
4.41106 8.99676
2.41897 8.47228
