103.223
0.515117 2.60814
1.22229 2.73799
1.45046 3.03895
2.98311 6.12944
2.24765 6.66881
1.07516 6.18856
1.33725 8.18665
0.452024 8.10903
0.666827 9.94909
0.978429 9.89917
1.31227 9.83564
2.41747 8.58153
2.59983 8.29106
2.84758 9.1445
2.75791 9.79569
3.00804 9.63739
3.69701 9.69476
3.4956 8.0202
3.15258 7.38228
3.56058 6.62751
3.6044 6.72125
5.145 6.97437
5.46975 6.22263
5.83045 7.07541
4.9015 7.53967
4.75257 8.13002
5.23824 8.11398
5.54923 8.26816
6.30653 8.49799
6.06328 9.04492
5.71855 9.6457
6.58153 9.61223
7.71546 9.57734
8.78362 8.99979
9.70121 7.91157
8.22994 6.47364
9.82617 5.37637
8.51548 4.82724
8.26297 4.77249
7.41869 5.57949
6.48122 4.61152
8.30038 1.63095
8.41058 1.42433
6.4518 2.8335
6.3575 0.419002
3.52634 1.22047
3.19246 2.03751
3.02692 2.36921
1.96117 1.82611
1.07262 1.12457
