102.072
4.07826 4.01568
4.60044 3.73482
4.70619 2.00911
4.38403 0.449337
5.36459 0.41983
5.52021 1.50558
6.1795 0.26739
7.55273 1.08841
9.2474 1.15439
8.81148 4.38402
8.716 5.56908
9.71482 5.84738
8.87895 6.15358
8.72101 5.92645
8.48582 6.11869
8.24104 5.50853
8.126 5.51146
7.15966 5.64816
8.09588 7.30772
7.74186 7.55257
8.17438 8.94257
6.06514 9.31653
5.63917 7.93389
4.91586 7.83871
5.6644 6.90384
4.6953 6.81282
4.46687 5.47921
3.89532 6.12134
3.07272 7.11573
2.85636 8.05856
3.94834 9.47014
2.07809 9.22626
0.43763 7.33574
1.76775 6.28284
1.98444 6.52428
2.96178 5.18315
3.43307 5.28793
3.49905 4.40253
2.67708 3.99685
2.14638 3.84451
1.65345 3.79766
0.534223 3.82081
1.41212 2.93736
1.39983 2.89885
0.1114 1.52634
1.67682 1.50994
2.11612 0.799193
2.47547 1.32343
3.7979 1.98756
3.25033 3.3638
