59.9591
0.953792 3.02219
0.987584 1.66483
1.04425 1.52569
1.83049 1.73126
2.93488 1.29535
2.97844 1.26026
3.56355 1.79545
5.43222 1.33932
6.16942 1.90471
7.16294 2.10503
8.29809 2.04632
9.21495 2.45945
9.34029 3.82494
8.91623 5.20684
9.61709 6.06935
9.0214 6.67099
9.0667 7.6106
9.7964 8.28534
8.60482 7.55752
8.19616 7.4233
7.62862 9.55967
7.38878 8.26093
7.8667 7.36257
6.03285 6.48835
5.38013 4.44555
4.5088 5.48077
4.36965 7.07412
3.13721 7.66969
0.943718 5.77792
0.923991 5.44873
0.771964 7.12454
0.247293 8.2921
1.10228 7.44366
0.79993 8.69247
0.996706 9.13542
3.42367 9.60396
5.24072 9.57667
4.25333 7.44697
4.74991 7.52294
7.12391 6.65859
8.54657 6.86815
8.59626 6.06625
7.36693 4.82808
7.11478 2.83477
6.998 3.47386
6.04788 2.35726
3.67354 2.9156
2.62172 1.65746
1.76044 2.1123
0.869873 2.72928
