72.392
0.0300795 9.25729
0.453552 6.40225
2.24247 7.31063
3.85512 6.96412
4.11527 5.35048
2.26088 5.89365
2.56534 4.19918
3.84964 4.15289
5.69408 4.06328
5.92792 2.41322
6.21275 1.95357
4.40063 1.70883
2.54457 2.46327
1.90081 2.12108
0.627759 0.759436
1.39805 0.0973121
1.96866 1.68815
3.42954 1.51428
5.89637 1.12028
6.35276 1.32742
6.6104 1.12025
8.06374 1.15614
7.02899 1.2067
6.48112 1.96863
6.94107 2.27289
6.183 2.5875
6.43228 3.85994
8.52874 3.75262
9.37767 4.07703
9.87171 1.72375
9.65058 3.56248
9.5662 4.7616
8.36362 5.41857
9.03111 6.93566
9.9684 8.93293
9.57804 9.91355
9.3902 8.63942
8.65678 8.80251
8.07094 7.15828
7.00352 7.68631
7.30096 6.01099
7.05816 5.85307
5.26768 5.55208
5.47349 6.28831
5.20715 6.79873
5.29609 7.86587
5.07981 8.45306
3.13173 8.06952
0.947689 8.79628
0.598733 9.83747
