112.78
9.39207 9.88507
8.1211 9.40475
7.14289 9.9337
4.7465 9.14838
4.78188 8.67436
4.57287 8.84373
4.20693 9.57476
3.28539 9.95336
2.77012 9.91442
1.60319 9.83739
1.48917 9.66106
0.742016 9.5258
1.22246 9.17457
0.601963 8.74062
0.514941 8.23049
2.73127 7.30284
3.79658 7.54624
2.40897 6.20159
2.5278 5.72737
2.6336 5.39873
3.47801 5.07467
2.60515 4.98525
2.44924 5.18453
1.61949 4.86069
1.21907 4.93028
0.547462 4.74456
0.108325 3.94847
1.62532 1.04551
2.18471 1.48212
2.24298 1.17851
4.43685 0.731026
4.86926 1.02404
5.70648 0.209213
7.70301 0.690443
9.89705 0.247469
9.17302 1.068
9.37343 2.68559
9.93643 4.25534
9.62859 4.548
9.58791 5.75361
9.3982 5.69675
7.64748 5.44939
6.56188 4.6684
5.45097 5.90263
6.93647 5.86258
7.19483 8.15048
8.51361 7.45927
8.55386 6.39315
9.77852 6.25797
9.51808 7.22476
