114.425
0.0543197 1.29996
0.34283 0.601852
1.80602 1.14214
3.59903 2.44324
2.81266 3.27975
3.77112 2.92055
4.15644 3.77431
5.9232 2.98961
6.31016 2.80394
5.31069 1.75911
5.71789 0.698998
6.3785 0.449785
8.30672 1.86916
9.61854 0.884914
9.13446 1.96045
8.80281 2.18068
7.70996 3.2195
8.54977 4.9461
9.41502 5.19988
9.38587 6.40986
8.97611 6.37394
8.28853 6.27913
6.83499 6.64864
7.16089 8.02078
7.8441 7.24072
9.00435 8.20711
9.88444 9.86415
8.02515 9.67864
7.42779 9.84301
7.2191 9.77312
5.59261 9.21061
5.22344 7.78639
4.71347 7.05806
4.60063 6.85635
4.67762 7.8188
4.70507 9.60814
1.82846 9.32249
0.159756 7.70318
1.08402 7.37983
1.18492 7.3801
2.30969 6.45128
3.14061 6.33904
3.47285 6.74489
3.35209 5.89729
2.70299 4.24358
2.67309 4.14476
2.03749 4.11745
0.943657 3.03727
0.391843 1.55118
0.493321 1.43493
