112.568
6.53338 9.83232
6.61155 9.99324
9.49455 9.77472
8.73391 8.95311
8.6472 6.3766
8.22451 5.28768
7.16595 5.62333
6.26139 5.52348
5.5328 7.00829
4.87166 6.6779
6.04327 5.34704
5.36396 4.55096
4.6711 3.5394
5.34464 3.05543
5.36243 2.8171
5.99346 3.29221
6.7774 3.05971
7.28105 4.21073
7.3989 4.55657
8.23482 4.12167
9.87 5.20428
9.89576 4.24391
9.18476 1.71214
7.41327 2.52221
6.57281 2.16564
5.42347 1.30725
4.24691 1.09449
1.83002 1.58616
1.20069 1.40196
1.15722 1.50889
1.39612 2.58448
1.46714 3.98847
3.05459 4.87899
3.38374 4.89199
3.00874 6.82961
2.26616 7.56478
1.83913 6.53504
1.49346 5.63422
1.10593 5.76425
0.259684 6.06868
1.39405 6.96404
0.134497 7.84918
2.12091 8.76533
3.15687 8.28326
2.53562 9.4208
3.28486 9.84956
4.63291 9.54101
4.6577 8.97947
5.43858 7.79971
6.46292 8.11702
