67.6593
6.21983 7.23227
4.72072 7.29688
3.98101 8.46837
4.23398 9.19243
3.80459 9.11927
3.54576 9.27817
2.85862 8.98327
0.87831 9.61561
0.333501 7.71428
2.96311 7.78778
2.3108 6.43649
2.69364 4.87756
1.59906 4.39109
1.19701 3.14274
0.224731 2.56019
0.253003 0.0809594
1.69829 2.18405
1.74502 2.69456
3.10306 4.07917
3.5037 6.98468
5.38641 5.85625
6.2126 4.69229
6.70113 4.33651
6.10823 5.58637
6.70369 6.09714
8.22113 6.77091
8.59828 6.73454
9.67375 5.11791
9.08479 4.1876
8.88163 2.5816
6.44536 1.88576
5.50262 0.824011
5.37488 0.313477
4.79898 0.57304
3.07963 1.02135
2.10767 0.479578
3.5559 1.57769
3.35448 2.39005
5.31042 1.92289
5.91896 2.33126
7.33205 2.4706
8.88161 3.5594
9.92916 4.88413
9.67739 5.50481
8.78504 6.91614
8.14013 6.98447
8.38878 8.16568
8.97215 8.98108
6.92977 9.41433
6.9952 7.8301
