58.8744
0.812481 3.05408
0.227891 5.67872
1.7956 4.71373
0.274332 7.68211
2.99518 7.37365
3.8346 7.7203
3.46435 7.2866
2.86977 5.5105
3.36438 4.26625
3.72252 2.93611
4.03973 2.10974
4.23297 1.81532
4.66978 1.2485
6.75442 1.05697
7.5055 1.1055
7.97659 2.4927
7.17173 3.5947
5.38731 4.75595
5.4415 5.25298
5.67495 5.76827
6.81022 6.99974
6.93203 8.96771
9.19476 9.06673
9.94865 9.51222
9.59289 8.97654
9.65892 7.74555
9.8571 6.62448
7.19105 7.56316
7.51408 6.21387
6.81666 4.80703
8.27823 3.38232
9.57006 3.26685
8.52911 2.57354
7.74703 1.56174
9.44186 1.42927
9.19203 0.87482
9.0691 0.351873
8.85397 0.720198
7.64805 0.612483
7.21349 0.877417
5.39073 0.734359
4.13655 1.47045
3.13926 2.00931
3.2604 1.74384
2.98498 1.9509
3.10705 2.32103
1.58563 1.699
0.628356 0.0112909
1.12597 1.38199
1.43245 3.82017
