61.1491
1.40962 3.01923
2.35064 2.68488
2.02343 3.74205
3.30914 3.84904
3.71781 1.587
6.14916 0.513164
7.67134 0.469708
8.69968 2.21909
6.88411 1.29737
5.14544 1.36823
4.4574 2.92614
5.17587 2.92226
6.62862 3.50726
5.60518 4.21542
6.53796 6.01231
6.82952 7.05597
6.05358 8.36971
4.97003 7.24376
4.22953 6.51064
2.65029 6.32552
1.44718 7.16562
0.884824 8.05263
1.33691 7.21359
2.92623 7.16866
2.61081 9.1617
4.08494 8.06064
4.87666 8.53315
6.2361 9.30907
7.90131 8.46292
8.39943 9.63137
8.48236 9.80776
9.89324 9.99009
9.53086 8.66875
9.23792 6.8127
9.71507 5.06354
9.63718 4.14797
9.96305 6.30714
9.5444 8.35771
8.73305 9.09966
7.4603 8.06631
6.94028 6.70512
5.45474 5.22272
4.87371 4.74534
3.35588 3.86135
2.29435 4.58233
1.94424 4.2133
1.52026 3.69793
0.218367 3.06302
0.258188 2.67803
0.735149 0.966041
