106.639
5.13461 3.34039
5.98046 3.34281
6.15917 3.66282
6.76708 4.15587
6.76922 4.53079
8.13667 3.72649
8.55048 2.41172
7.46557 1.33227
9.88498 0.36753
8.76204 2.34233
8.99996 4.84397
9.91104 6.1563
9.687 7.02121
9.36945 7.63025
8.99054 7.92471
8.67019 6.97055
7.46562 7.44962
8.04622 8.79084
6.33534 9.08834
5.41676 9.10549
5.25614 6.8591
5.48315 6.05195
5.25565 5.97401
5.40308 5.59495
5.01183 5.76951
3.33417 5.58644
2.93594 6.46001
1.82575 7.25975
2.17395 7.91361
2.52114 9.68026
1.47238 9.97001
0.105046 9.82056
0.812297 9.6542
1.8695 8.98988
1.53242 7.49342
0.594179 5.77349
0.917507 5.62786
1.61572 3.76976
2.72894 3.57587
3.38233 3.37188
2.92595 3.50749
1.62309 2.29101
0.601406 2.21683
0.764918 0.111113
1.56648 1.38282
3.45406 1.37643
3.37009 2.06368
3.88894 1.25858
4.26582 1.62953
4.57686 2.11017
