106.015
5.13228 2.25629
5.07176 3.09
5.02676 3.14872
5.78735 3.27421
6.07609 3.52454
7.42546 1.90846
8.12399 1.51778
9.41924 0.229646
9.59091 2.62951
8.58 3.37213
8.71377 4.00985
8.80693 4.25909
8.39431 4.38822
7.80338 3.88419
7.34081 4.97019
8.43504 5.15652
8.64902 5.24965
8.7581 5.70968
8.19963 5.89402
8.52772 6.7981
9.08427 7.2255
9.34721 6.73698
9.68744 7.36822
9.97376 7.92223
8.54303 9.6376
6.47569 9.39088
5.55996 9.73503
6.10661 8.76452
5.65485 7.13178
5.97259 6.88125
6.57308 5.23345
4.42454 5.23371
4.61538 6.16678
5.17713 7.13247
4.19534 9.26601
1.63994 8.83936
0.281122 9.78251
0.192611 7.6205
0.935407 6.56909
1.31768 5.76455
1.16325 5.62641
1.55139 5.28119
3.05781 2.23683
2.98974 2.02288
2.83552 0.0747539
3.02037 0.397561
4.43312 1.6527
5.32299 0.942025
6.50359 1.0988
5.22661 1.56337
