69.5059
5.26822 0.736332
3.97614 0.170502
2.94966 1.58009
2.85224 2.11706
0.244902 0.979516
0.703291 1.58064
2.27713 3.21595
0.179333 5.61474
0.077812 9.23179
0.504139 9.46814
1.72529 9.68399
0.832201 9.355
0.130816 8.3133
2.52816 3.98628
2.84458 3.43834
3.79512 5.83049
3.39822 6.58616
4.33064 7.54672
4.50515 8.92815
4.56982 8.82703
5.48255 7.82226
6.11082 8.93759
7.19336 9.86185
9.37306 9.06244
9.85323 9.5121
9.31539 7.49609
7.87517 9.21952
5.53553 8.01605
5.60308 7.44892
4.90306 7.67117
4.17264 7.07586
4.42009 6.55445
5.89171 6.29316
7.7029 5.4204
9.28123 5.0498
9.02699 5.48927
6.86633 5.07479
5.45963 6.01723
4.33946 5.16946
5.42265 4.25255
4.04224 3.96998
3.19213 3.07308
3.3949 2.50376
4.72225 1.02754
6.64259 2.72244
8.05773 1.8061
9.64392 1.80342
8.15994 2.49327
6.74944 2.76251
6.27907 1.44354
