57.8203
1.97719 8.55693
3.56918 7.78511
4.40183 7.49495
5.06543 6.84811
5.35488 6.72926
6.32804 5.10147
5.49183 3.96353
6.22037 3.25173
7.71477 3.75808
8.63925 4.12023
9.58329 4.74572
9.48155 7.08072
9.16368 8.10892
9.7972 8.31688
9.96921 7.22283
9.93451 5.90134
8.77461 4.2395
8.69453 3.98193
8.27544 2.84515
9.85278 1.89337
8.67421 2.82262
7.27841 2.782
6.51697 1.60996
6.08187 0.255375
5.64188 0.357622
3.77877 0.87177
2.21483 1.02926
0.855655 2.84181
0.491285 5.02546
2.18126 2.09712
3.80017 1.53685
5.96184 0.730654
6.42799 1.80847
5.82804 4.47252
7.753 4.9481
7.25238 5.52363
6.40663 5.84536
6.69345 7.07732
7.42977 7.78486
7.82774 7.74211
8.95918 9.94933
7.13659 9.67589
6.84263 8.23566
6.725 7.49264
5.93877 6.84325
5.11864 6.58624
5.09585 5.81587
3.57117 6.71502
3.53515 7.3038
2.88164 8.39538
