117.564
5.55497 6.94696
5.53909 7.33647
5.04695 6.67217
4.3278 6.70967
3.23438 7.10021
3.79069 7.75373
2.8814 9.75802
0.50944 9.93313
0.54822 8.4432
1.16861 6.97942
0.400379 5.97032
1.15905 5.49019
1.83827 5.12342
4.9753 4.89517
4.07589 3.98857
3.28553 3.31674
0.892074 2.98716
1.13737 1.59075
1.11005 0.204261
1.27288 1.45458
2.07888 1.9023
3.69947 2.65424
4.23364 1.07208
4.82145 0.653656
5.01609 0.333513
5.30839 1.24155
6.12128 3.33435
6.77817 3.57371
6.69339 3.32481
6.16122 0.605807
6.41836 0.478549
7.98796 0.55152
8.50449 0.304688
9.88113 0.0365706
9.24178 0.69388
9.23279 1.76398
9.83087 2.44793
9.92498 4.28116
8.51842 4.48437
7.54444 5.03215
8.26369 5.75066
9.71386 6.68107
9.73009 9.20115
9.52907 9.41485
9.30522 9.30422
7.43552 9.93405
7.32602 9.38681
6.19302 8.80918
6.94229 7.76196
7.52052 6.04739
