69.6942
3.50279 2.51226
3.60718 1.81344
0.648587 2.17709
0.53705 3.1956
1.57312 5.06087
2.11069 5.9095
0.514486 5.17828
0.63309 4.08668
0.0692095 2.76313
0.71266 0.518319
0.769887 0.412228
2.62938 0.343495
4.07399 0.877381
4.59316 0.154154
5.96313 0.380574
6.79521 1.12531
4.68931 0.794519
4.61706 1.04331
4.04854 2.19442
3.26161 3.31262
5.94881 3.64153
6.33216 3.247
7.30148 4.06507
7.99441 5.40287
7.37486 7.24904
5.74755 7.46136
3.36579 7.85665
2.0508 8.63552
0.325945 7.69364
0.00852953 8.02857
0.300611 9.34172
1.32726 8.45671
2.05266 9.25313
3.8038 9.47489
6.03625 8.28028
6.81927 9.73357
7.35415 7.27678
8.7923 7.57473
8.99677 9.39444
9.65342 8.43944
9.73547 6.16172
9.92829 5.77465
9.0878 3.62811
9.1986 2.8845
7.70032 3.69619
7.21807 4.18144
6.73925 4.3079
5.48019 4.69825
4.92395 5.43632
3.64674 4.04303
