104.533
2.42531 6.40705
2.29793 6.73728
1.77994 6.01809
0.806682 6.1221
0.1442 7.29424
0.313637 7.40125
1.30793 9.38977
1.0473 9.85596
0.959246 9.62528
1.87916 9.1164
2.43038 8.6254
2.78546 8.42465
4.09011 8.91499
4.37535 5.89442
5.1972 6.59227
7.17152 6.89615
8.00138 9.7369
8.63646 9.49716
8.91746 9.68009
9.18629 9.66179
9.24364 7.8902
9.73563 7.37673
9.20917 7.21291
9.69787 6.15872
7.37881 5.68521
6.7499 4.11176
6.09511 4.0166
5.87408 3.67633
6.29789 4.02499
8.18659 3.27131
8.58954 1.90655
8.57009 0.206447
8.91765 0.0356019
7.96289 0.378082
8.00237 1.36028
5.40799 1.72052
4.53481 1.76909
4.04252 3.08018
3.55608 4.29941
3.78565 1.64894
3.19752 1.38209
2.75996 0.27483
0.9543 2.05806
0.257217 2.14631
0.641554 2.16418
1.70827 2.85159
1.22303 3.82508
1.62653 5.13951
2.66334 5.75239
2.53473 5.84069
