112.202
8.49556 1.91929
9.10524 2.74675
8.4217 3.16995
6.83626 3.10158
6.47126 3.7229
6.93567 5.28983
7.66031 4.96827
7.611 4.72767
8.72923 3.81865
8.85311 3.63757
9.02823 4.60016
9.54729 5.64813
7.70011 6.06373
6.94372 7.34073
7.53496 7.18462
7.81321 7.51432
8.83574 7.13911
9.88509 8.72303
8.2595 9.46491
5.16912 9.33344
4.40353 8.06441
4.26248 7.86262
2.69583 8.27292
4.13202 7.39972
4.23071 6.84455
6.28629 6.14238
5.47971 5.58393
5.41496 4.28818
4.5357 3.34194
3.53267 4.99051
2.38537 4.36795
1.23521 6.34278
1.64905 7.26588
0.709165 6.70438
0.223412 7.2384
0.778876 6.89771
0.13876 6.62245
1.0808 5.07113
0.0613839 1.55775
1.79687 1.92623
3.01011 1.23976
4.02417 2.23053
3.70709 0.564473
5.57814 0.838976
5.75544 0.925682
6.27435 1.88008
6.4315 0.960566
6.98379 0.352561
8.49045 0.770543
9.55055 0.598784
