74.0409
2.25317 7.23627
1.47589 5.96296
1.27779 7.84074
0.417591 9.96381
1.11673 9.13184
2.83104 8.10985
2.37902 8.86352
2.91075 8.03755
4.10605 7.19408
4.37179 8.27416
5.54672 7.52124
4.45272 4.07189
5.12886 2.92603
3.30799 1.86509
1.37383 2.38127
0.525125 1.13811
0.705503 0.548303
1.23339 1.08474
0.692359 1.79926
1.52077 3.02987
1.17901 3.46738
0.269758 4.09956
1.80872 3.45686
1.88844 3.10119
3.47732 1.36612
4.02144 0.331919
5.39594 0.245331
6.54139 0.894702
7.64962 0.86054
9.76114 1.09769
9.17317 1.65645
6.75759 1.63864
4.76411 1.7231
6.42442 3.1854
7.09087 5.20042
7.57137 7.5479
8.85944 6.89629
9.60255 6.06224
9.71444 5.48069
9.78036 6.59574
9.62083 8.15385
8.30135 8.78871
7.71665 7.86425
6.39423 8.26256
5.45344 9.37851
4.96953 9.90631
6.06794 8.29491
5.16754 6.89881
5.21193 6.13863
3.09106 6.94021
