111.31
6.02203 6.41421
7.67261 5.46679
7.89602 5.66522
8.61551 3.858
9.23004 4.20615
9.69323 2.3586
9.24707 1.25932
8.69245 0.301185
8.33818 0.644712
6.43594 2.24052
6.38666 2.88077
6.39081 3.6343
5.91226 5.73082
4.98586 5.96689
4.4312 5.96529
4.633 4.86613
4.27045 3.05867
2.97903 2.86247
4.0116 1.3069
2.91175 1.33122
2.60773 0.883566
1.53678 0.533668
1.15721 0.335973
1.09727 0.771531
0.441722 1.39622
1.74063 2.67906
0.406287 2.785
0.663694 3.33194
0.329321 4.29237
1.51651 4.1792
2.11438 3.59893
2.77797 5.2422
2.31994 5.34739
2.16187 5.95985
1.46113 6.15314
0.378292 6.25477
0.134529 9.36852
1.39143 9.51317
1.43869 8.86473
2.42656 8.87465
2.99548 8.96204
3.53694 9.25113
5.82803 8.51399
7.77553 9.24445
9.4109 9.82389
9.10172 8.83206
9.43878 7.9465
8.28269 6.40625
7.07226 7.06249
6.51692 6.72025
