106.539
9.07051 6.03805
9.07612 6.68602
8.73264 6.41199
7.10442 6.05256
7.06948 6.06592
6.36913 6.46804
6.63642 6.75983
8.58757 9.53842
7.56888 9.55804
4.99961 7.37062
4.78622 7.56075
4.41323 8.25712
3.84521 8.57671
3.79925 8.77415
2.16217 9.38181
2.24972 8.94536
2.56351 7.87513
0.0291327 6.25559
0.209498 5.27625
0.437956 5.2475
0.350775 4.4853
1.96907 4.90357
2.32966 5.98124
3.81204 6.34099
4.22528 5.70223
3.51994 4.80344
5.26543 5.0683
5.00561 3.83957
4.55336 3.53037
4.20706 4.72118
1.232 3.57024
0.847051 2.57474
0.0902854 1.30481
0.429017 1.38134
1.23079 1.66365
1.81077 2.06424
3.35522 2.34583
2.58656 1.22737
3.56845 1.15192
3.60986 0.11814
4.83981 0.248721
5.03518 0.835431
5.32324 2.47983
6.24396 2.02204
6.25516 1.18531
6.33013 1.57762
9.64685 1.39304
9.93418 0.730503
9.97696 0.844374
9.56358 3.10539
