64.3017
5.56365 3.68824
6.91525 3.08493
9.10214 1.83652
9.06556 0.432249
8.76024 0.370373
8.45447 0.531665
6.72205 1.32564
5.56844 0.188286
4.97633 0.882769
5.42283 0.990506
7.77002 2.38976
6.22672 2.85087
5.37787 4.05915
7.03828 4.74432
8.07248 4.72127
8.50671 5.14783
6.84482 5.81633
7.86262 7.99817
9.52368 8.7493
9.85417 9.87673
7.57233 8.88634
6.42818 8.88168
5.06195 8.87545
4.17021 9.81032
4.30249 9.15171
4.65979 8.54934
3.61284 8.6475
2.69195 8.58556
3.03582 8.72434
0.807376 9.37729
0.182303 8.52035
1.3384 7.97288
0.993795 5.73716
2.34637 4.46956
2.15178 2.20015
0.391767 0.701923
0.243552 0.62986
2.48919 1.11302
2.93496 4.42048
1.18028 5.9815
2.86958 7.22491
3.95062 7.85278
4.04775 7.22027
4.75198 7.92174
4.89088 7.5993
5.0002 8.61621
6.71109 8.43202
6.83349 6.95836
5.38324 5.75684
5.1332 5.42904
