76.309
6.91462 2.89429
7.2468 3.39059
6.35766 5.14283
7.72398 4.70912
8.26305 4.33487
9.91904 3.87193
9.47572 1.66095
9.35531 1.43961
9.23191 1.60279
8.10451 2.96207
7.43852 2.93139
6.576 1.47009
5.8532 0.22619
4.43515 2.31799
3.1058 2.41905
2.68146 1.81012
2.72072 1.08235
1.71071 0.0541089
1.59249 2.03813
2.97711 2.38777
2.12524 3.75306
0.732109 4.68719
1.03545 5.16204
1.62016 5.84325
2.79335 6.3994
0.205441 8.12452
1.13621 8.01607
1.41327 9.56007
2.02357 9.93528
3.96677 8.34658
4.14927 8.61392
5.43299 8.82848
5.2618 9.23922
5.80342 9.44347
7.31421 9.10664
8.80895 7.63307
9.12781 7.73055
9.10358 8.39818
5.8897 9.10139
5.69485 8.87777
4.78943 7.96434
4.96495 7.14847
5.67751 6.78722
4.49148 4.95531
3.86491 6.45918
2.23699 5.78422
2.59162 4.75438
2.7152 3.60416
4.32114 2.71778
5.21805 3.13877
