67.5554
6.95486 8.82633
6.30492 7.43239
5.80778 6.27194
6.76027 4.46588
7.60421 4.04803
8.5369 2.689
9.12925 0.144238
9.23633 2.05496
9.59135 4.62174
9.51469 5.59968
9.7962 6.50048
8.56461 8.65536
8.0574 7.09267
8.77298 6.00389
9.01293 4.73138
7.5042 5.08962
5.91791 5.00956
4.48219 4.61786
3.39157 1.74112
5.26748 1.12706
5.57158 0.816506
4.03187 0.590952
2.83012 0.898761
2.48966 1.37294
1.33353 1.01696
0.279021 1.28969
0.270469 2.84549
0.264181 4.14262
1.58034 2.15763
1.46516 3.41446
3.24364 3.22704
3.24244 4.49565
2.76736 5.41141
3.76317 4.78763
4.91709 5.85293
4.79412 7.70219
3.65649 7.92758
2.60639 8.71639
2.29733 9.42513
2.41558 8.52732
1.16274 8.77218
1.74249 8.00539
0.510001 7.59174
1.05349 6.45761
2.08389 7.03453
2.66213 7.32802
3.88726 8.09319
4.91439 7.86592
6.03586 8.2702
5.80333 9.18395
