113.493
6.95486 8.82633
8.56461 8.65536
8.0574 7.09267
5.80778 6.27194
4.91709 5.85293
4.48219 4.61786
5.91791 5.00956
6.76027 4.46588
7.5042 5.08962
8.77298 6.00389
9.7962 6.50048
9.51469 5.59968
9.59135 4.62174
9.01293 4.73138
7.60421 4.04803
8.5369 2.689
9.23633 2.05496
9.12925 0.144238
5.57158 0.816506
5.26748 1.12706
4.03187 0.590952
2.83012 0.898761
3.39157 1.74112
3.24364 3.22704
2.48966 1.37294
1.58034 2.15763
1.33353 1.01696
0.279021 1.28969
0.270469 2.84549
1.46516 3.41446
0.264181 4.14262
3.24244 4.49565
3.76317 4.78763
2.76736 5.41141
2.08389 7.03453
1.05349 6.45761
0.510001 7.59174
1.74249 8.00539
1.16274 8.77218
2.29733 9.42513
2.60639 8.71639
2.41558 8.52732
2.66213 7.32802
3.65649 7.92758
3.88726 8.09319
4.79412 7.70219
4.91439 7.86592
6.30492 7.43239
6.03586 8.2702
5.80333 9.18395
