70.5399
9.18878 1.57724
9.95284 3.34105
9.07822 4.01247
8.0879 4.43686
7.76784 5.97325
8.3188 6.73169
7.03214 7.41152
8.29975 7.60728
9.32023 9.40956
8.99092 7.39648
8.28464 6.33586
9.88035 5.53728
8.04875 4.69125
8.48266 4.23852
9.06421 2.64965
7.79885 1.68999
6.79557 3.18212
6.68219 4.12249
4.48347 4.88425
5.93967 4.00252
6.00968 2.22766
3.92479 2.06044
3.72863 1.10136
3.03886 1.3097
2.27759 3.59056
1.72856 6.01711
3.36588 6.77782
2.29755 7.34565
4.94673 8.12328
7.28933 9.41852
6.59323 9.97358
6.08151 9.68619
3.19295 8.53628
1.81588 9.53363
0.191112 8.92882
1.12012 8.23833
2.17938 6.89218
0.819465 5.58687
1.64537 5.04103
1.18206 1.64342
0.576457 1.07407
2.30791 1.11048
3.02363 0.907069
3.21543 1.85323
3.62869 1.32764
4.15323 0.553329
5.1326 2.12795
6.59202 1.15875
7.77189 1.14931
8.53176 0.94541
