110.02
7.65276 5.67247
7.42742 5.64479
5.6657 5.69445
6.35507 4.46946
6.83822 3.05652
7.95808 3.73576
9.28002 2.54723
9.15537 1.87984
9.47696 1.27504
9.22262 2.11608
8.85628 2.17044
6.77371 0.86594
5.9253 3.45209
4.89899 3.57529
4.88228 3.37434
2.86997 2.65299
3.34871 1.93451
4.31055 1.87306
4.31289 0.0888788
3.33338 0.717425
2.78444 0.61641
1.82024 2.359
0.522893 2.8445
0.540817 4.14503
1.5688 3.40436
1.6463 3.30632
3.78265 5.04082
2.40909 5.99052
1.42423 6.14088
0.0632869 9.63882
2.35201 9.61918
2.39816 9.11532
4.86803 9.60959
4.04408 8.05713
4.4173 6.97563
4.81439 6.6211
4.94626 6.44047
5.81083 7.31402
5.58721 8.28009
6.28346 9.14337
7.12531 8.04212
8.22492 7.56332
9.41116 7.71495
8.23048 7.37869
8.30522 6.52296
7.90068 6.43333
8.53978 5.77516
8.34931 5.46132
8.32949 4.93345
7.66322 5.29748
