113.066
9.51699 5.77762
8.98302 3.82433
6.56389 5.34786
5.29468 4.27654
8.91206 1.92797
8.48516 0.549143
8.04294 1.12758
4.70409 0.533323
4.19092 0.597833
3.18747 0.355858
2.60773 2.48282
2.45756 2.52441
2.44936 2.93083
3.75912 3.21805
4.34082 4.84399
3.10689 4.5294
2.51733 3.75488
1.799 4.33346
1.64897 4.02336
0.669033 2.9549
0.618359 4.01568
0.752097 4.28186
2.00908 5.34039
1.82669 5.70381
3.65795 6.29615
5.11007 6.59044
1.81549 7.07194
1.00445 6.55724
0.0285296 7.19704
0.373498 7.79101
0.893464 8.35171
0.257573 9.30606
1.93694 9.70778
3.25511 9.3408
5.01801 9.62143
4.96403 8.33127
5.78595 9.22474
7.62745 8.76353
7.82977 8.94196
8.30818 8.88463
8.9122 7.58672
8.18111 7.3745
7.21524 7.46578
6.4168 7.22299
6.69227 6.63561
7.90239 6.49475
8.46588 6.30176
8.43315 5.36049
9.14188 6.25708
9.63067 6.2204
