106.038
8.18605 9.87488
9.50055 9.98168
9.98659 7.16295
9.59435 7.2193
8.71523 7.20817
6.0556 6.69452
6.57061 4.88816
6.02755 4.14535
5.63165 3.64207
6.38256 4.11053
6.86235 3.98381
7.55405 3.77421
8.65758 4.36238
8.56972 3.90817
8.7484 3.42321
8.42776 2.50957
9.01415 1.81527
9.21053 1.57319
8.01858 0.289052
7.25924 1.92471
6.37588 1.66789
5.53603 3.05089
3.53333 2.02782
3.84719 0.937991
2.3715 2.0643
1.70394 1.62094
0.54115 1.55828
1.53934 2.93636
0.102195 4.61015
0.154772 4.77903
0.719345 4.9601
2.67357 4.54376
3.00833 3.83809
2.69717 4.7728
2.70641 5.64165
3.39542 6.14216
3.29151 6.36305
2.3359 5.8607
1.49138 6.14185
1.02091 6.19079
2.33631 6.26233
2.27069 8.51185
2.34667 9.00404
2.63334 9.04058
3.02007 9.64091
4.05647 8.13192
4.54583 7.89529
5.28652 8.88151
6.00342 9.69883
7.92759 9.71942
