122.163
8.82349 9.25978
8.02803 8.85243
6.29044 6.91524
5.89985 8.03481
5.57125 9.41152
5.39702 9.86954
4.03744 8.95553
3.56721 9.91438
1.60611 9.78223
1.04328 9.43013
0.92983 8.73338
0.473771 6.3921
0.899526 5.86352
1.7181 7.18727
4.46409 6.1625
4.16863 4.82921
3.45853 4.98965
2.27577 3.5852
1.41448 3.39194
0.348319 3.86151
1.07215 2.91961
1.37383 2.51509
2.52691 2.7187
3.06399 0.326469
3.04509 0.0168422
3.30224 2.39673
3.52968 2.99545
5.25823 3.63641
5.71366 1.10603
6.10162 1.6351
6.71507 2.97839
7.16937 2.85881
7.25931 1.80408
6.97801 0.891379
6.92905 0.681724
9.07009 0.193575
9.99671 0.83237
9.76891 2.36879
9.70822 2.97542
9.64071 3.37358
9.00934 4.05777
6.67982 4.78526
6.68732 4.95969
8.6243 5.59568
9.33936 5.85358
9.5054 6.67176
8.16578 6.87485
7.57093 7.42582
8.37111 8.55287
9.42704 8.41348
