112.664
4.74055 2.04632
4.1251 3.43546
4.88514 3.41823
4.48253 3.71583
4.80474 4.48116
3.72602 4.47865
3.19179 5.06171
3.21208 3.79413
2.75366 3.06351
2.87989 2.16902
1.53451 2.40009
0.414099 2.90023
1.08028 3.38206
1.72141 4.25251
0.989171 5.26038
1.74895 6.01943
0.689915 5.76921
0.796973 8.04049
0.374157 8.47275
1.96325 9.57608
3.36007 9.2725
4.63158 7.52766
4.17001 6.75213
4.10231 6.42243
4.69304 5.68816
5.45076 6.63525
6.13414 6.90266
5.82019 6.47285
6.50581 5.37309
7.99294 5.7692
8.00253 7.2633
8.65079 9.50961
8.73229 9.52749
9.98697 7.39261
9.97652 5.88605
9.08182 4.61356
9.91215 1.4539
9.95915 0.603525
7.20415 0.760231
7.62491 2.09688
7.79569 2.62128
7.01457 3.0751
7.16169 4.08527
5.45088 3.59017
5.17492 3.08103
5.7458 1.48696
6.0486 1.22293
5.68455 1.22639
5.41244 0.9498
4.56643 0.980722
