107.986
2.84091 2.28452
2.87765 1.47026
3.02481 0.451417
3.16767 0.223822
2.41429 0.698494
1.62129 1.75756
0.905041 1.29195
0.768148 2.81355
1.57912 3.42781
0.821832 4.88878
1.527 5.54117
1.83544 7.3202
1.59564 8.16627
2.17495 8.22752
2.04337 9.77164
3.49884 9.52533
3.89035 7.50288
3.84056 6.96016
6.4465 8.0439
7.67767 8.14569
7.88123 9.46087
8.44302 9.79387
9.11724 9.59998
8.6842 8.98663
9.74456 7.91851
9.40836 7.53461
8.78146 7.15033
8.37652 7.38674
6.59469 7.19092
5.72531 6.43485
4.62885 5.63523
4.85307 5.34128
6.78267 5.71062
7.94685 5.32051
9.0026 6.4031
9.93506 5.99638
9.2706 4.96722
9.10959 4.17984
8.1315 3.88444
8.14179 2.93972
9.0249 2.69754
9.29518 1.22621
9.36432 0.571262
9.01884 1.07782
6.84723 1.42632
6.17209 0.389232
5.96487 0.807535
4.59982 2.23354
4.61655 3.56919
3.74973 2.30741
