59.8258
0.479979 6.72575
0.578044 8.31245
0.50426 9.70457
0.796301 9.09934
3.00572 8.20483
3.52505 6.95383
2.76933 5.25059
2.57828 3.9601
4.82475 3.58136
5.34459 4.83131
6.16343 5.42228
6.83944 6.64133
6.57014 8.49213
5.55729 9.75299
5.71767 9.77604
7.73507 8.27928
7.7395 8.26535
8.36006 8.41009
8.34274 6.29482
8.63628 6.22029
9.24082 6.4516
8.87957 5.82383
9.14833 4.24508
6.59194 5.16537
6.7318 4.62301
7.45195 4.55999
6.82514 3.0054
7.3764 2.58291
7.47206 2.57077
7.4511 1.29678
8.95764 1.15083
7.36051 0.223452
7.25181 0.022989
6.61612 0.367722
7.50868 0.780828
6.88644 2.14022
6.8289 2.74272
5.56359 2.45332
5.21088 0.808433
5.08958 0.408508
3.77423 0.691143
3.03993 0.584812
1.69928 0.902064
1.24865 1.42226
4.02563 2.9101
3.19005 2.38198
3.08313 2.74783
2.42047 4.85948
1.30783 7.21359
0.0958091 5.18393
