75.28
8.82769 5.03294
9.49892 5.02937
8.72681 4.42694
8.45627 2.9077
7.8526 1.13345
6.40161 0.769272
7.25514 0.0527713
8.34775 1.08843
8.35513 1.53464
6.70932 3.78894
4.14952 4.3824
3.30831 5.50628
2.25856 5.57603
1.75183 6.60671
1.73791 7.31907
3.17883 7.08596
4.3042 9.84057
2.24247 9.26128
1.59239 8.13359
1.4456 7.00208
1.12411 6.40427
1.65377 5.39627
1.39129 4.5609
0.22282 2.57286
0.691611 2.93225
0.293291 0.464582
1.08264 0.404856
2.28809 0.545615
1.3479 1.13287
1.98565 2.85868
3.62439 4.36435
3.92618 3.48657
3.93617 3.32252
4.74857 1.79018
5.64713 3.13699
7.29958 4.47063
7.80222 5.499
6.11028 6.04639
5.72864 7.03289
5.00961 7.39404
6.27224 8.07882
6.55991 9.70839
6.38586 8.28941
6.83151 7.00668
8.35135 7.08779
8.40956 7.8541
8.34818 7.77237
9.77262 9.47077
9.90708 7.09433
8.14581 6.41858
