107.64
6.95407 7.10385
6.87654 8.35511
7.86096 9.52288
9.96734 8.45783
8.65346 7.86388
7.64636 7.0172
8.39927 6.30656
9.24452 5.15216
9.17658 4.34454
8.86322 2.74245
8.99795 1.62958
8.33095 1.36151
7.99569 1.38908
7.13515 0.956323
6.73017 0.587418
6.87553 0.957013
6.50469 2.21074
5.48151 1.6581
5.40058 0.780694
3.10413 0.177154
3.01058 0.761376
2.54158 1.06525
4.32375 2.53879
6.12901 3.53413
7.48092 4.71988
6.65819 4.90162
5.80774 5.59606
3.55714 5.34173
3.49314 4.63615
3.74649 4.1734
2.38696 1.67485
0.759483 1.5563
0.688666 2.44532
0.00826501 2.5112
0.750498 2.45054
0.782833 2.75476
0.256553 3.77666
1.30122 4.22091
1.91255 6.20215
1.07591 7.94997
0.674849 8.13489
1.40837 8.52584
1.52584 9.95009
3.36719 9.51526
2.69975 7.97706
4.77469 7.98481
5.44996 8.43168
5.57388 6.82994
6.27197 7.03484
6.85656 6.64635
