64.5727
5.72545 3.57359
4.38934 3.49588
4.19666 4.34036
3.91623 3.47366
4.48755 2.33843
4.9683 1.39339
2.80769 2.26124
2.01749 5.03184
1.81715 6.49359
0.776359 7.20117
1.47704 4.59598
0.225237 4.77611
1.71145 3.60017
0.941625 2.36099
1.1688 1.35103
1.78782 0.599984
3.34368 1.3684
4.35481 0.323154
4.28604 0.263113
5.62711 0.588399
6.4834 0.584615
6.67756 1.72979
5.64608 1.50289
4.51646 2.8382
5.04584 3.82437
5.9624 3.9692
6.41949 4.99618
7.83812 3.47034
8.86319 1.40595
9.38846 1.37553
9.38904 2.89874
9.02979 3.84336
9.61444 4.15825
9.3719 5.40975
8.58156 6.12019
7.09698 6.90383
5.462 7.53301
3.43058 7.87404
2.75836 8.87162
1.63593 8.87296
3.1652 9.80758
3.17189 9.71016
3.51313 9.72341
4.18019 8.34388
7.41414 7.69184
9.29672 9.60484
7.34307 6.91759
9.16433 5.33885
8.45744 4.26126
6.80832 3.57551
