63.2643
7.32124 3.84279
9.09403 3.56477
9.70482 4.33101
9.08312 5.36555
9.31532 4.47175
8.5448 5.00487
8.15241 5.32443
7.86181 3.84602
6.84076 4.07133
6.05919 2.98742
7.18553 1.95171
7.60465 1.08833
8.74768 0.948234
9.73564 0.018438
8.90815 2.02186
8.49128 1.32961
7.54835 1.5076
5.55533 1.3066
4.66381 1.3272
2.7817 0.147437
1.52033 0.504043
4.11145 1.76528
4.2766 2.2064
6.16557 2.73468
5.6463 3.16266
5.39009 3.38211
3.61712 3.87171
2.28599 3.31083
0.911036 3.07395
0.217216 2.83931
0.360754 3.1025
1.91109 4.32511
2.11022 5.31637
1.92352 6.20558
2.96297 7.22951
3.62944 7.138
6.2508 7.32813
8.23151 7.73611
9.9286 7.25307
8.99796 7.43769
7.55429 8.15567
8.65848 9.56135
7.04075 9.68528
4.90978 9.66352
1.71273 9.74691
3.99171 9.16035
4.67269 7.24777
3.68464 4.71815
5.31214 4.09011
6.37574 4.73398
