68.7829
0.399529 6.66189
0.631544 5.64394
1.02336 4.72237
1.88836 3.94175
0.560705 3.13379
2.32229 2.5714
1.05874 1.29963
0.87779 1.02171
1.6036 0.861084
2.72439 1.97015
2.54073 4.05614
2.56109 5.26836
3.67936 5.63919
3.7438 3.45381
4.87356 4.44241
5.64774 4.4049
5.24516 6.05358
6.09513 8.17044
6.5482 9.37379
7.16456 9.12275
9.09545 9.80638
8.5563 7.8346
9.24333 7.26867
8.8039 6.77621
9.78076 5.38522
9.90753 5.2201
9.05866 3.30104
8.94818 3.51469
8.23478 1.94485
8.67628 0.214021
7.07444 0.266739
6.53171 0.833359
4.93999 1.84291
7.22588 1.27073
7.61683 3.811
9.07829 5.28167
7.20807 6.27385
7.15664 8.11354
5.93238 7.0436
4.32823 5.65674
3.62815 7.20649
4.52504 9.051
2.91347 8.69948
1.0708 9.71301
1.99651 7.55938
2.75124 6.09417
2.16807 5.48963
1.26255 5.98396
0.399323 6.79546
0.53699 8.05338
