115.911
1.1988 2.97383
0.199133 2.0101
2.82409 2.22585
3.36408 1.76146
2.94925 0.404124
4.01224 0.243912
5.00045 0.682606
4.00341 1.69003
4.05955 4.08494
4.99176 3.39017
4.95251 3.97347
6.46917 4.93124
7.63593 2.46247
9.89397 0.753368
9.48255 1.78554
9.71042 3.00095
9.83912 3.49515
9.92551 3.74318
9.07357 4.72093
8.58926 5.92495
8.34685 6.13151
8.2751 5.56344
6.13979 5.85769
6.82292 6.30308
8.42827 8.77514
9.57658 9.30243
7.32523 7.86582
7.13494 8.82205
7.35232 9.36241
5.65612 9.79255
4.23094 8.29802
2.35357 8.50113
1.8474 8.79932
1.01056 9.70292
0.0541951 9.0071
0.135909 7.59161
1.24164 7.62554
1.98686 6.91497
3.44918 7.53951
5.12602 6.46181
4.54149 6.06268
4.15582 5.88008
3.86504 5.01846
2.36114 5.75492
2.33702 4.65346
1.80461 4.85529
0.546446 4.73953
1.75192 4.25306
1.6997 3.36376
2.5651 3.56251
