66.9638
8.47463 9.37571
7.85852 9.77275
6.89237 9.54164
6.51327 8.37695
5.20355 8.04943
3.29136 8.85515
4.5348 8.27595
5.34372 7.16054
4.81553 6.3168
4.83879 5.81235
3.8486 4.48292
1.34211 5.17943
1.35013 6.77856
0.597781 7.60232
0.648002 8.9259
0.891959 7.15366
1.02367 6.37614
0.729208 5.46352
2.36344 4.37893
1.33514 2.78315
0.941556 1.77035
0.0236768 0.364952
1.92985 2.3837
3.67142 1.56499
5.051 1.05365
4.40375 1.16778
3.88849 3.15558
4.63019 4.20089
4.89352 4.35136
5.38511 3.03183
6.17467 4.02733
8.25845 2.22666
9.37682 1.37356
9.1339 1.61964
8.76855 0.287261
7.28635 1.74788
6.92408 4.07531
5.00163 5.65301
5.20001 6.31046
6.02086 7.83742
7.2128 8.36259
7.56614 7.90947
7.93857 9.15159
9.44195 7.57475
8.13552 5.5692
8.86262 4.90009
8.70069 4.48935
9.87965 5.8039
9.6859 8.14565
9.59368 8.49936
