66.9285
2.84091 2.28452
1.62129 1.75756
1.57912 3.42781
1.527 5.54117
0.821832 4.88878
0.768148 2.81355
0.905041 1.29195
2.41429 0.698494
3.16767 0.223822
3.02481 0.451417
2.87765 1.47026
5.96487 0.807535
6.17209 0.389232
6.84723 1.42632
4.59982 2.23354
4.85307 5.34128
3.84056 6.96016
1.83544 7.3202
1.59564 8.16627
2.04337 9.77164
3.49884 9.52533
2.17495 8.22752
3.89035 7.50288
5.72531 6.43485
6.4465 8.0439
7.67767 8.14569
7.88123 9.46087
8.44302 9.79387
9.11724 9.59998
8.6842 8.98663
8.78146 7.15033
9.74456 7.91851
9.40836 7.53461
9.93506 5.99638
9.10959 4.17984
9.0249 2.69754
9.29518 1.22621
9.36432 0.571262
9.01884 1.07782
8.14179 2.93972
8.1315 3.88444
7.94685 5.32051
9.2706 4.96722
9.0026 6.4031
8.37652 7.38674
6.59469 7.19092
6.78267 5.71062
4.62885 5.63523
4.61655 3.56919
3.74973 2.30741
