110.794
5.03087 5.62492
4.47353 7.13091
4.13658 7.82957
2.03629 8.43794
1.80934 9.60012
0.554837 9.5756
1.48911 8.6885
0.135299 7.067
1.65139 5.84955
2.8407 6.09046
1.15647 5.34632
0.735589 5.18827
0.0143423 4.64409
0.913527 3.20723
1.42581 3.03882
4.46672 3.5548
2.62609 3.22772
1.33129 1.64253
1.49712 0.628263
3.29891 0.885823
3.7205 3.74962e-05
3.75962 0.355879
3.59765 0.986008
4.06748 1.22338
4.68409 0.555769
6.21078 0.358134
6.0965 0.912459
7.20275 1.1792
9.57561 0.309172
9.66441 1.38212
9.91488 1.509
9.75927 1.55804
9.65319 2.09821
9.60456 2.83448
8.50214 2.54829
7.78703 2.17233
7.73831 2.88869
7.19806 4.73979
8.40228 5.56934
8.76906 5.42345
9.57857 8.65876
9.28766 8.75979
8.39407 9.01285
6.09733 9.4497
4.86412 8.84608
5.16532 8.22308
7.11367 6.77869
7.08287 6.69357
5.70597 4.41823
5.31921 3.84162
