106.272
5.72545 3.57359
5.04584 3.82437
4.38934 3.49588
4.51646 2.8382
4.48755 2.33843
4.9683 1.39339
4.35481 0.323154
4.28604 0.263113
3.34368 1.3684
1.78782 0.599984
1.1688 1.35103
0.941625 2.36099
2.80769 2.26124
3.91623 3.47366
4.19666 4.34036
2.01749 5.03184
1.71145 3.60017
1.47704 4.59598
0.225237 4.77611
1.81715 6.49359
0.776359 7.20117
1.63593 8.87296
2.75836 8.87162
3.17189 9.71016
3.1652 9.80758
3.51313 9.72341
3.43058 7.87404
4.18019 8.34388
5.462 7.53301
7.09698 6.90383
7.34307 6.91759
7.41414 7.69184
9.29672 9.60484
8.58156 6.12019
9.3719 5.40975
9.16433 5.33885
8.45744 4.26126
6.41949 4.99618
5.9624 3.9692
6.80832 3.57551
7.83812 3.47034
9.02979 3.84336
9.61444 4.15825
9.38904 2.89874
9.38846 1.37553
8.86319 1.40595
6.67756 1.72979
6.4834 0.584615
5.62711 0.588399
5.64608 1.50289
