120.254
7.57774 4.31395
7.50641 3.10947
7.76003 4.24907
9.12019 4.12068
9.74141 3.40636
9.71067 2.34435
8.80776 2.10199
9.38112 1.10453
9.4779 1.04749
8.44192 1.24262
7.54772 0.0565125
6.77754 0.550107
5.72347 1.22266
5.70903 1.54022
5.15011 0.830892
4.33758 0.50692
4.37908 1.38802
4.32004 2.3228
4.86384 2.57866
4.4404 2.88582
2.09284 3.06546
2.30582 1.90847
1.66727 1.83993
1.94063 0.466615
0.390489 0.172073
0.0350689 0.688442
0.952468 1.53208
0.0930501 3.45359
1.5968 3.73878
3.28473 5.01025
5.10883 6.3447
4.2409 6.33467
2.139 6.49214
1.86589 8.34322
0.755339 9.24841
0.600564 9.74997
1.71925 9.68198
3.3789 7.98944
4.40503 8.86439
5.02313 9.74822
5.25622 9.84537
7.85607 9.8543
6.87007 7.34162
9.6249 8.0851
9.47171 6.53717
6.87197 5.07986
6.63269 4.86894
5.38621 5.16412
5.27969 4.66105
6.80974 4.56872
