65.1908
2.83328 2.03571
2.05609 1.24705
0.776117 2.50942
0.0200704 3.67596
2.10598 4.38993
1.59557 5.82772
1.39013 8.21986
0.470855 8.91817
2.21175 9.65973
1.86815 8.15777
3.12429 7.96931
4.36836 8.24752
3.0361 7.49727
2.55976 5.19
3.53372 5.31115
3.29309 5.27393
2.54073 4.04903
2.838 4.15412
2.46097 1.81341
4.04617 1.73437
4.75215 3.44356
6.47045 4.08472
6.50733 2.93205
8.28717 3.43495
8.90096 5.03267
8.40396 5.97099
6.81422 7.81318
8.35534 8.38737
7.98075 8.90529
7.89955 9.28332
8.62915 9.48712
8.41751 8.99411
9.69565 8.82967
8.51707 8.1465
9.2251 5.26214
9.41464 5.37527
9.56036 4.9184
9.1768 4.72575
9.32953 3.24606
9.99873 1.84442
8.06799 0.643909
7.58274 0.482645
7.48319 2.60222
5.22085 2.17264
4.78465 1.5774
4.28903 0.404102
4.48843 0.192384
4.15488 0.627781
3.42543 0.542535
3.10292 0.400916
