117.318
2.97845 9.05348
2.56003 9.05657
1.67889 8.31338
0.4681 9.9917
1.15552 8.6689
1.4009 7.98563
2.56059 7.92683
1.47292 6.13859
2.43691 6.25349
3.85408 5.49621
3.16382 5.5088
1.72806 4.12684
0.738516 4.63832
0.79935 4.28713
0.292295 2.22255
0.668769 1.80268
1.61726 0.230249
1.91315 1.73369
4.08559 2.59735
5.41819 2.53971
5.10305 1.75809
4.4553 0.193187
5.75473 0.119552
6.1475 1.31381
6.47313 0.319916
8.12251 0.378122
8.58972 1.48891
9.12969 0.57597
9.2387 2.36646
9.84288 2.3776
9.32433 3.76605
8.92181 4.22235
6.84258 4.30299
6.03567 2.71072
6.22868 4.23005
4.98189 5.12151
7.19085 5.55074
7.24187 5.41531
8.32247 5.23753
8.58461 5.91797
9.5232 5.88501
9.83041 5.65985
9.38611 6.94214
8.06464 7.06491
9.81239 9.12537
7.85035 9.59936
6.47427 7.36279
5.51174 8.09835
4.48083 9.16173
3.6733 8.66738
