73.4935
1.92524 8.42201
2.97064 6.75286
4.4284 5.93331
5.69069 8.6343
8.51585 9.32203
9.90831 8.9476
9.54436 9.55674
8.69209 8.24098
7.46966 8.87077
5.79385 6.60269
5.41943 4.72966
4.59408 2.67825
3.11025 2.8296
2.32199 3.56294
1.84364 3.56249
0.662734 3.34859
0.897639 2.37927
0.159915 1.62042
0.78375 1.79387
1.27156 2.03201
2.41169 2.09462
2.79226 1.53349
3.45666 0.434525
4.27262 1.42331
6.26959 0.980494
6.65146 0.783062
6.32827 2.90365
6.67472 1.60413
8.13312 1.80975
8.03284 2.67795
9.60652 0.773841
9.50116 2.21277
9.8153 3.06886
9.32237 4.97999
8.48403 5.45755
8.57134 3.44226
7.55562 3.24657
7.00889 3.85791
5.05977 4.41795
4.28036 5.33396
3.14167 6.53002
2.8011 6.67069
1.81465 6.82657
1.96384 5.54773
0.9409 6.19883
1.12995 6.83861
0.972132 8.76974
1.58154 8.54824
2.48133 9.49486
2.93437 8.85218
