65.6949
3.56552 5.94064
3.53383 7.14251
2.06871 7.51017
1.70048 4.69593
4.22868 3.59594
3.45545 2.93004
3.76088 0.994055
3.75478 0.0587122
3.15747 0.556009
1.25878 0.450321
0.413672 1.22854
2.41452 2.87002
1.19882 3.07754
0.728273 3.20795
1.15192 6.11245
1.47079 8.10902
1.74535 8.34519
0.863545 9.36195
1.99879 8.66605
2.63786 9.40529
3.33094 7.6016
4.59024 6.75858
5.90085 6.54843
6.5907 6.99483
4.98207 9.14764
6.36869 9.08055
6.76417 9.5559
6.82903 8.7143
7.75104 8.3863
8.31344 9.6018
8.11592 9.01014
7.88877 7.0047
8.71367 6.79213
9.0946 6.20908
8.94143 3.73554
6.80537 3.39427
6.85585 2.87195
6.75558 2.80459
5.87102 1.278
7.64626 2.29666
8.12468 1.60181
8.22482 1.09991
9.77508 2.16132
8.62287 5.59713
7.14481 6.11026
7.1859 5.92006
6.35902 6.35987
5.99488 5.10954
5.04437 6.22872
4.33113 6.24745
