67.63
9.59827 4.43029
8.97267 3.25211
9.15643 0.367984
8.00682 1.07069
6.95216 1.71338
6.64382 0.525545
5.13411 0.54561
1.93674 2.10412
0.997164 2.34847
1.45328 1.03372
0.537606 0.594372
0.682639 0.614712
1.64926 0.328659
3.62687 1.44354
6.35129 2.76975
4.69726 3.21336
4.16967 5.06253
3.55907 6.07946
2.38032 4.4193
2.32465 5.41601
2.61808 6.60841
1.08673 6.84999
0.110896 6.7787
0.673442 7.83236
0.83433 9.69783
1.90125 9.26216
2.34844 7.60209
4.12509 8.3944
5.85577 8.0426
7.29301 8.97994
7.90981 9.07316
7.77774 9.78972
7.22581 9.41067
6.46603 8.4718
6.07645 7.47603
6.00016 7.89678
4.86048 8.14783
3.65205 6.95891
5.1255 5.52798
6.57216 5.51115
7.04912 5.89524
6.19384 4.99423
4.97833 4.27623
6.07923 3.76085
8.1007 2.92083
8.55139 3.81218
7.78113 4.22723
8.93912 6.17902
9.85701 6.64802
9.36384 5.81273
