95.19
8.29343 1.72007
7.12363 3.18122
8.28157 4.17586
9.53236 3.814
9.66077 5.20875
8.66387 4.95681
7.98029 6.01116
6.45894 5.43887
6.17157 5.38513
5.62945 6.13105
5.96939 7.28886
6.32056 7.85258
7.83257 7.91162
6.31762 8.9626
5.79624 8.69688
5.64929 8.82975
5.63961 8.66193
4.62104 7.8787
4.22617 7.7908
4.02476 7.99083
3.89064 7.94915
3.55938 7.53617
3.91054 5.6639
2.6911 5.34964
2.04807 6.09086
2.07679 5.73967
2.56727 4.81422
1.65105 3.67817
0.225418 3.47555
1.91247 2.64771
0.766755 2.22214
1.39425 1.73463
1.04882 0.151923
2.02073 1.2871
2.78598 0.497482
4.52981 0.866583
4.7339 0.624272
4.45271 1.15819
4.63595 2.25994
4.56493 3.26541
3.53815 4.38458
3.57127 5.04802
4.83169 5.28027
5.18684 4.94503
4.58719 4.48274
5.00134 4.17874
5.74984 2.22054
7.42832 2.06063
7.80431 1.43038
8.39902 0.104801
