67.0651
8.48413 5.47524
7.34011 5.88485
6.80578 7.52518
6.76965 9.06928
7.77729 9.94359
9.92 9.25058
8.05072 9.89732
6.71833 7.85887
4.9592 7.35918
2.60858 8.37309
1.9563 9.70207
0.305842 9.76547
0.0441805 8.85175
0.303325 7.56205
0.426025 9.34899
2.2111 9.76801
3.20727 8.1056
5.00346 5.98368
3.52451 5.64206
1.64084 6.26798
1.34452 4.64765
0.0247326 3.90237
2.86778 3.4453
3.58812 1.98967
2.27947 1.41259
1.00756 0.875616
0.559715 0.497003
0.407496 0.978901
0.833487 1.34579
0.99064 2.11746
1.81997 1.82746
2.17142 0.901922
3.61708 0.564542
3.45108 0.290748
3.98636 0.498698
5.09262 0.146528
5.32555 0.114841
6.98929 0.759334
9.19643 1.1364
5.75554 1.57794
7.00503 3.66446
5.75533 2.29362
4.18472 0.872351
3.27328 2.81691
3.65566 4.03791
5.19533 4.9239
6.13621 7.01249
7.00058 6.31974
7.55852 5.98045
9.45081 5.10404
