112.602
3.59818 0.0228645
2.44015 0.29474
2.39446 0.631614
3.48661 0.821441
3.42612 1.78603
2.02865 2.63981
1.91056 2.94981
4.15249 3.56798
3.5969 3.91239
1.68586 3.43016
1.33999 3.66284
0.673411 3.39012
0.841587 4.0172
0.199568 6.23431
0.609417 8.54379
1.0647 8.92781
2.10983 6.43304
1.9749 6.0914
3.32654 6.58953
3.41955 7.02945
4.03666 7.30985
4.05065 7.97583
3.28973 8.3865
4.50531 9.9431
5.04667 9.15802
6.0608 8.93934
6.84601 9.08495
6.77599 7.07208
7.04003 7.88799
7.97441 8.52142
8.03424 9.41278
9.45481 8.68349
9.91859 8.55871
8.38057 7.9313
8.77109 6.51267
7.76302 6.52059
7.60211 5.49654
9.66524 4.56628
9.50899 2.33411
8.61272 0.885886
7.92243 1.21983
6.71507 2.74325
6.47071 4.39118
5.91049 4.32849
5.66399 4.22432
5.77549 3.91476
5.20591 2.68751
4.90357 2.0045
4.6986 1.32162
3.94788 0.964178
