96.5037
3.70021 6.52055
3.60609 5.46939
2.01918 5.96283
0.559742 5.7788
0.400479 6.79887
0.117201 7.46492
1.24102 9.96937
1.87558 9.68111
2.31994 8.29429
2.69251 8.60785
3.11377 9.26498
3.2161 9.14842
3.63997 8.91303
4.99554 9.58548
5.93464 9.92524
6.84945 8.50323
7.31738 9.23108
8.52457 9.11587
8.80901 9.91519
9.33251 8.72494
7.86827 7.61447
7.70145 6.41307
8.42424 6.82378
9.18718 6.27595
9.43572 5.1851
8.0584 4.98496
8.10262 4.7275
8.16441 4.58541
9.41396 4.5561
9.29073 4.15971
9.72915 4.02076
9.98092 2.14999
8.21715 1.46133
7.72688 1.20639
7.82962 2.17098
6.25028 2.85157
5.58486 1.04564
4.54146 0.164307
4.87052 0.89619
3.7107 3.3169
3.21423 3.24278
3.02296 3.94468
3.17943 4.0021
4.85083 4.96826
5.57716 3.8996
6.24599 3.27149
6.44213 3.95862
6.81633 6.26981
4.61056 6.61752
3.84346 6.79346
