94.9369
9.47609 3.33638
9.13453 2.61012
8.11518 2.45286
7.74664 3.85074
6.94064 4.97951
6.01842 5.63842
6.07143 4.12719
5.15335 3.35015
4.60162 3.34671
4.17201 3.81854
4.20333 2.58946
4.88251 2.57948
4.98679 2.46913
4.54878 1.96627
5.15043 1.9499
6.60452 0.594498
7.35322 0.830496
7.88473 0.624413
7.63842 1.18674
6.64217 1.63441
5.31109 0.363041
2.513 0.665817
0.84391 2.72255
1.66269 5.00136
1.02602 5.64559
2.27675 5.84561
2.0494 6.20957
1.63827 6.58848
1.67801 6.64187
1.4759 7.03062
1.73874 7.01466
2.31766 6.73744
2.54446 7.26831
2.31872 8.38292
0.822801 9.95768
2.29335 9.75764
2.83346 9.48198
2.88197 9.43135
3.51667 9.65296
4.73344 8.94505
5.35891 8.05427
5.43575 8.03761
5.62872 7.8976
6.38637 8.27595
6.29015 9.79308
6.70633 9.49398
8.81744 9.97086
8.61629 8.83432
9.09443 7.30901
9.5111 6.76852
