61.5559
2.51008 7.11698
3.89027 6.45528
4.35719 7.76303
3.96318 8.42097
4.45791 9.85891
4.04515 9.11748
4.71726 7.96361
5.16374 7.96202
4.81644 7.09273
5.93478 6.51201
5.65033 4.59007
4.57646 3.62682
4.6521 3.00571
3.32202 3.08616
4.45249 1.96479
2.1193 1.47884
0.35885 1.63825
0.0555272 0.7482
0.0348126 1.31555
0.592566 2.63502
0.776562 4.00951
1.62911 3.99726
1.8662 3.46562
1.623 1.82956
2.30743 0.340614
1.99137 0.189769
2.58634 0.21149
3.97834 0.629328
4.86352 1.23411
6.5304 0.369721
8.06446 1.74045
5.95897 1.47992
4.84148 2.84511
5.41764 3.57374
5.86176 3.88138
6.4205 3.36541
7.06764 5.23525
8.9513 3.18919
8.92677 5.50349
7.14724 6.69456
7.59669 9.48565
7.08867 8.16217
5.21128 6.99804
3.99779 5.93007
2.90326 6.96643
1.95808 9.04048
1.85519 9.17085
0.627104 9.62961
0.0752096 9.26139
1.77887 8.87377
