102.083
7.8329 4.85048
6.73504 4.01991
7.01404 2.8815
8.87434 4.0686
9.50643 2.5275
8.70368 1.54196
8.96745 1.17386
9.01901 0.725377
8.02882 0.181534
7.08686 0.400348
7.4948 1.10998
7.71269 1.9037
6.94911 2.43622
6.03329 2.09459
5.47842 1.5814
4.69224 0.621785
4.42348 2.49317
4.09751 2.38644
2.63459 1.74736
2.37816 2.92196
2.66038 3.54862
4.13262 4.6007
4.95774 4.88343
4.10383 5.28166
3.13874 5.58695
1.52401 4.08472
1.23593 6.13841
0.236008 5.80067
0.440869 6.5531
0.493049 7.12878
0.283967 8.39822
1.20684 8.15286
2.74322 8.81222
3.71022 6.54199
5.12578 7.69162
4.95447 8.13116
6.14004 8.57556
6.75057 8.94609
6.99354 9.51414
7.89127 9.33496
9.02989 9.99596
8.18986 8.84494
8.5844 8.41421
9.89163 7.24145
9.82764 6.5354
9.11371 5.84735
9.0192 5.75967
8.83987 5.25373
8.32227 5.31061
8.25257 4.90723
