109.159
4.78927 9.26176
5.40804 9.34906
5.69124 8.09506
9.41907 9.76615
8.04733 6.68229
7.98422 6.34913
9.30311 5.71163
7.34984 5.66247
8.00672 4.76889
7.22932 3.61124
7.15815 3.15083
8.50101 2.38139
9.37434 3.19974
9.93238 2.18631
9.76634 1.43823
8.83926 0.964126
7.79024 1.62873
7.60053 2.05494
7.04023 1.16005
6.04536 0.223075
5.83816 0.560217
5.55109 0.949213
4.91021 1.26186
3.63895 0.892949
2.48956 1.46559
1.54143 1.65018
1.34909 0.0336789
0.959726 0.732775
0.083596 0.694075
0.641742 1.77902
1.33597 2.29621
0.740584 2.57608
1.26159 4.409
2.04389 5.41144
3.29239 4.60272
3.74446 3.92904
3.09968 3.44373
3.6548 2.82198
4.55846 2.47913
6.01963 3.31722
5.08689 3.81067
5.69102 4.90002
3.49409 5.87752
5.93588 6.8027
6.22702 7.22773
5.63548 7.46214
4.77298 8.11915
3.85356 7.39391
2.14662 6.66517
3.26156 9.90963
