65.4872
4.37143 8.69557
5.55221 9.85788
6.29121 9.81129
9.01131 9.40055
9.38529 6.43738
9.69915 5.18199
8.90057 5.37227
7.48108 5.54912
9.32313 8.2441
9.43946 9.68401
6.98781 9.67186
5.90254 9.75368
4.86919 9.57193
5.78203 7.66348
6.90658 7.58275
5.70875 5.04075
5.99367 3.55592
7.45025 2.96056
8.92845 3.39666
8.35479 2.26694
8.78375 1.7513
9.99678 0.849314
8.65694 0.877552
8.16323 1.14554
7.86752 1.09288
7.10268 1.37122
7.04813 1.79626
8.32667 2.12492
7.70036 2.57634
7.25955 2.82814
5.60619 0.946217
4.93276 1.19469
3.91173 1.20487
2.36623 0.233355
1.64405 0.479213
3.06416 1.38241
1.20485 3.13946
0.281457 5.09489
0.901483 5.2594
2.16738 5.14377
1.51353 4.86939
0.930204 3.60484
2.34861 2.16998
3.98041 1.44797
5.64444 1.95461
5.47437 3.54726
5.35861 7.17287
4.45651 8.34377
2.95043 8.14002
3.09007 8.95037
