108.984
8.82769 5.03294
8.72681 4.42694
9.49892 5.02937
9.90708 7.09433
9.77262 9.47077
8.40956 7.8541
8.34818 7.77237
6.27224 8.07882
6.38586 8.28941
6.55991 9.70839
4.3042 9.84057
5.00961 7.39404
3.17883 7.08596
2.24247 9.26128
1.59239 8.13359
1.73791 7.31907
1.4456 7.00208
1.75183 6.60671
1.12411 6.40427
1.65377 5.39627
2.25856 5.57603
3.30831 5.50628
3.62439 4.36435
4.14952 4.3824
3.93617 3.32252
3.92618 3.48657
1.39129 4.5609
1.98565 2.85868
0.691611 2.93225
0.22282 2.57286
0.293291 0.464582
1.08264 0.404856
1.3479 1.13287
2.28809 0.545615
4.74857 1.79018
6.40161 0.769272
7.25514 0.0527713
7.8526 1.13345
8.34775 1.08843
8.35513 1.53464
8.45627 2.9077
6.70932 3.78894
5.64713 3.13699
7.29958 4.47063
6.11028 6.04639
5.72864 7.03289
6.83151 7.00668
8.35135 7.08779
8.14581 6.41858
7.80222 5.499
