65.9935
9.51699 5.77762
8.98302 3.82433
8.04294 1.12758
8.48516 0.549143
8.91206 1.92797
8.43315 5.36049
8.46588 6.30176
7.90239 6.49475
6.56389 5.34786
6.69227 6.63561
5.11007 6.59044
5.29468 4.27654
4.34082 4.84399
3.75912 3.21805
2.51733 3.75488
2.45756 2.52441
3.18747 0.355858
4.70409 0.533323
4.19092 0.597833
2.60773 2.48282
2.44936 2.93083
1.64897 4.02336
0.669033 2.9549
0.618359 4.01568
0.752097 4.28186
1.799 4.33346
1.82669 5.70381
1.81549 7.07194
0.893464 8.35171
3.25511 9.3408
1.93694 9.70778
0.257573 9.30606
0.373498 7.79101
0.0285296 7.19704
1.00445 6.55724
2.00908 5.34039
3.10689 4.5294
3.65795 6.29615
4.96403 8.33127
5.01801 9.62143
5.78595 9.22474
6.4168 7.22299
7.21524 7.46578
7.62745 8.76353
7.82977 8.94196
8.30818 8.88463
8.18111 7.3745
8.9122 7.58672
9.14188 6.25708
9.63067 6.2204
